#degauss k TotalEnergy
0.10 6                         -4.18227448  
0.10 8                         -4.18249429  
0.10 12                         -4.18249429  
0.10 16                        -4.18252279


0.09 6                       -4.18205165  
0.09 8                         -4.18235859  
0.09 12                         -4.18239867  
0.09 16                        -4.18240431


0.08 6                       -4.18182973  
0.08 8                         -4.18235859  
0.08 12                         -4.18239867  
0.08 16                        -4.18230148


0.07 6                        -4.18162282  
0.07 8                        -4.18162282  
0.07 12                         -4.18221710  
0.07 16                       -4.18182973


0.06 8                        -4.18208940  
0.06 12                         -4.18216099  
0.06 16                        -4.18214854


0.05 6                       -4.18133071  
0.05 8                         -4.18210246  
0.05 12                         -4.18213119  
0.05 16                        -4.18209932


0.04 6                        -4.18129767  
0.04 8                         -4.18217851  
0.04 12                         -4.18211622  
0.04 16                        -4.18205973


0.03 6                       -4.18134914  
0.03 8                         -4.18226505  
0.03 12                         -4.18208413  
0.03 16                        -4.18201868


0.02 6                       -4.18139725  
0.02 8                         -4.18230442  
0.02 12                         -4.18199607  
0.02 16                           -4.18198326         
