  0.38881734E+01  0.23956544E-03
  0.38981728E+01  0.25992221E-03
  0.39081723E+01  0.28195532E-03
  0.39181717E+01  0.30579758E-03
  0.39281712E+01  0.33159173E-03
  0.39381706E+01  0.35949112E-03
  0.39481701E+01  0.38966046E-03
  0.39581695E+01  0.42227649E-03
  0.39681690E+01  0.45752882E-03
  0.39781684E+01  0.49562076E-03
  0.39881679E+01  0.53677015E-03
  0.39981673E+01  0.58121032E-03
  0.40081668E+01  0.62919103E-03
  0.40181662E+01  0.68097950E-03
  0.40281657E+01  0.73686149E-03
  0.40381651E+01  0.79714245E-03
  0.40481646E+01  0.86214874E-03
  0.40581640E+01  0.93222893E-03
  0.40681635E+01  0.10077552E-02
  0.40781629E+01  0.10891249E-02
  0.40881624E+01  0.11767620E-02
  0.40981618E+01  0.12711190E-02
  0.41081613E+01  0.13726789E-02
  0.41181607E+01  0.14819569E-02
  0.41281602E+01  0.15995031E-02
  0.41381596E+01  0.17259044E-02
  0.41481591E+01  0.18617870E-02
  0.41581585E+01  0.20078195E-02
  0.41681580E+01  0.21647150E-02
  0.41781574E+01  0.23332343E-02
  0.41881569E+01  0.25141883E-02
  0.41981563E+01  0.27084404E-02
  0.42081558E+01  0.29169092E-02
  0.42181552E+01  0.31405696E-02
  0.42281547E+01  0.33804546E-02
  0.42381541E+01  0.36376548E-02
  0.42481536E+01  0.39133179E-02
  0.42581530E+01  0.42086458E-02
  0.42681525E+01  0.45248908E-02
  0.42781519E+01  0.48633488E-02
  0.42881514E+01  0.52253507E-02
  0.42981508E+01  0.56122510E-02
  0.43081503E+01  0.60254127E-02
  0.43181497E+01  0.64661901E-02
  0.43281492E+01  0.69359076E-02
  0.43381486E+01  0.74358353E-02
  0.43481481E+01  0.79671617E-02
  0.43581475E+01  0.85309634E-02
  0.43681470E+01  0.91281722E-02
  0.43781464E+01  0.97595411E-02
  0.43881459E+01  0.10425609E-01
  0.43981453E+01  0.11126664E-01
  0.44081448E+01  0.11862712E-01
  0.44181442E+01  0.12633446E-01
  0.44281437E+01  0.13438212E-01
  0.44381431E+01  0.14275995E-01
  0.44481426E+01  0.15145399E-01
  0.44581420E+01  0.16044640E-01
  0.44681415E+01  0.16971545E-01
  0.44781409E+01  0.17923566E-01
  0.44881404E+01  0.18897801E-01
  0.44981398E+01  0.19891021E-01
  0.45081393E+01  0.20899717E-01
  0.45181387E+01  0.21920150E-01
  0.45281382E+01  0.22948406E-01
  0.45381376E+01  0.23980469E-01
  0.45481371E+01  0.37812996E-01
  0.45581365E+01  0.26039867E-01
  0.45681360E+01  0.27059307E-01
  0.45781354E+01  0.28066920E-01
  0.45881349E+01  0.29059272E-01
  0.45981343E+01  0.30033261E-01
  0.46081338E+01  0.30986161E-01
  0.46181332E+01  0.31915677E-01
  0.46281327E+01  0.32819969E-01
  0.46381321E+01  0.33697676E-01
  0.46481316E+01  0.34547920E-01
  0.46581310E+01  0.35370299E-01
  0.46681305E+01  0.36164868E-01
  0.46781299E+01  0.36932106E-01
  0.46881294E+01  0.37672874E-01
  0.46981288E+01  0.38388366E-01
  0.47081283E+01  0.39080049E-01
  0.47181277E+01  0.39749606E-01
  0.47281272E+01  0.40398875E-01
  0.47381266E+01  0.41029783E-01
  0.47481261E+01  0.41644290E-01
  0.47581255E+01  0.42244335E-01
  0.47681250E+01  0.42831786E-01
  0.47781244E+01  0.43408403E-01
  0.47881239E+01  0.43975798E-01
  0.47981233E+01  0.44535419E-01
  0.48081228E+01  0.45088526E-01
  0.48181222E+01  0.45636187E-01
  0.48281217E+01  0.46179276E-01
  0.48381211E+01  0.46718479E-01
  0.48481206E+01  0.47254306E-01
  0.48581200E+01  0.47787104E-01
  0.48681195E+01  0.48317080E-01
  0.48781189E+01  0.48844318E-01
  0.48881184E+01  0.49368804E-01
  0.48981178E+01  0.49890446E-01
  0.49081173E+01  0.50409099E-01
  0.49181167E+01  0.50924578E-01
  0.49281162E+01  0.51436682E-01
  0.49381156E+01  0.51945208E-01
  0.49481151E+01  0.52449962E-01
  0.49581145E+01  0.52950769E-01
  0.49681140E+01  0.53447482E-01
  0.49781134E+01  0.53939989E-01
  0.49881129E+01  0.54428209E-01
  0.49981123E+01  0.54912101E-01
  0.50081118E+01  0.55391657E-01
  0.50181112E+01  0.55866903E-01
  0.50281107E+01  0.56337897E-01
  0.50381101E+01  0.56804721E-01
  0.50481096E+01  0.57267482E-01
  0.50581090E+01  0.57726302E-01
  0.50681085E+01  0.58181321E-01
  0.50781079E+01  0.58632685E-01
  0.50881074E+01  0.59080549E-01
  0.50981068E+01  0.59525067E-01
  0.51081063E+01  0.59966397E-01
  0.51181057E+01  0.60404689E-01
  0.51281052E+01  0.60840093E-01
  0.51381046E+01  0.61272748E-01
  0.51481041E+01  0.61702788E-01
  0.51581035E+01  0.62130337E-01
  0.51681030E+01  0.62555512E-01
  0.51781024E+01  0.62978417E-01
  0.51881019E+01  0.63399152E-01
  0.51981013E+01  0.63817804E-01
  0.52081008E+01  0.64234454E-01
  0.52181002E+01  0.64649175E-01
  0.52280997E+01  0.65062033E-01
  0.52380991E+01  0.65473088E-01
  0.52480986E+01  0.65882395E-01
  0.52580980E+01  0.66290003E-01
  0.52680975E+01  0.66695958E-01
  0.52780969E+01  0.67100301E-01
  0.52880964E+01  0.67503074E-01
  0.52980958E+01  0.67904313E-01
  0.53080953E+01  0.68304053E-01
  0.53180947E+01  0.68702332E-01
  0.53280942E+01  0.69099181E-01
  0.53380936E+01  0.69494636E-01
  0.53480931E+01  0.69888729E-01
  0.53580925E+01  0.70281495E-01
  0.53680919E+01  0.70672969E-01
  0.53780914E+01  0.71063184E-01
  0.53880908E+01  0.71452176E-01
  0.53980903E+01  0.71839980E-01
  0.54080897E+01  0.72226634E-01
  0.54180892E+01  0.72612174E-01
  0.54280886E+01  0.72996638E-01
  0.54380881E+01  0.73380063E-01
  0.54480875E+01  0.73762489E-01
  0.54580870E+01  0.74143954E-01
  0.54680864E+01  0.74524497E-01
  0.54780859E+01  0.74904157E-01
  0.54880853E+01  0.75282974E-01
  0.54980848E+01  0.75660987E-01
  0.55080842E+01  0.76038235E-01
  0.55180837E+01  0.76414756E-01
  0.55280831E+01  0.76790589E-01
  0.55380826E+01  0.77165773E-01
  0.55480820E+01  0.77540344E-01
  0.55580815E+01  0.77914340E-01
  0.55680809E+01  0.78287797E-01
  0.55780804E+01  0.78660751E-01
  0.55880798E+01  0.79033238E-01
  0.55980793E+01  0.79405291E-01
  0.56080787E+01  0.79776945E-01
  0.56180782E+01  0.80148232E-01
  0.56280776E+01  0.80519185E-01
  0.56380771E+01  0.80889834E-01
  0.56480765E+01  0.81260211E-01
  0.56580760E+01  0.81630346E-01
  0.56680754E+01  0.82000268E-01
  0.56780749E+01  0.82370005E-01
  0.56880743E+01  0.82739586E-01
  0.56980738E+01  0.83109038E-01
  0.57080732E+01  0.83478386E-01
  0.57180727E+01  0.83847658E-01
  0.57280721E+01  0.84216878E-01
  0.57380716E+01  0.84586072E-01
  0.57480710E+01  0.84955264E-01
  0.57580705E+01  0.85324477E-01
  0.57680699E+01  0.85693736E-01
  0.57780694E+01  0.86063063E-01
  0.57880688E+01  0.86432480E-01
  0.57980683E+01  0.86802010E-01
  0.58080677E+01  0.87171675E-01
  0.58180672E+01  0.87541497E-01
  0.58280666E+01  0.87911495E-01
  0.58380661E+01  0.88281692E-01
  0.58480655E+01  0.88652108E-01
  0.58580650E+01  0.89022763E-01
  0.58680644E+01  0.89393677E-01
  0.58780639E+01  0.89764870E-01
  0.58880633E+01  0.90136361E-01
  0.58980628E+01  0.90508171E-01
  0.59080622E+01  0.90880318E-01
  0.59180617E+01  0.91252820E-01
  0.59280611E+01  0.91625698E-01
  0.59380606E+01  0.91998968E-01
  0.59480600E+01  0.92372650E-01
  0.59580595E+01  0.92746762E-01
  0.59680589E+01  0.93121321E-01
  0.59780584E+01  0.93496345E-01
  0.59880578E+01  0.93871852E-01
  0.59980573E+01  0.94247858E-01
  0.60080567E+01  0.94624382E-01
  0.60180562E+01  0.95001440E-01
  0.60280556E+01  0.95379048E-01
  0.60380551E+01  0.95757224E-01
  0.60480545E+01  0.96135983E-01
  0.60580540E+01  0.96515342E-01
  0.60680534E+01  0.96895317E-01
  0.60780529E+01  0.97275923E-01
  0.60880523E+01  0.97657176E-01
  0.60980518E+01  0.98039091E-01
  0.61080512E+01  0.98421684E-01
  0.61180507E+01  0.98804969E-01
  0.61280501E+01  0.99188962E-01
  0.61380496E+01  0.99573676E-01
  0.61480490E+01  0.99959126E-01
  0.61580485E+01  0.10034533E+00
  0.61680479E+01  0.10073229E+00
  0.61780474E+01  0.10112004E+00
  0.61880468E+01  0.10150857E+00
  0.61980463E+01  0.10189791E+00
  0.62080457E+01  0.10228807E+00
  0.62180452E+01  0.10267907E+00
  0.62280446E+01  0.10307090E+00
  0.62380441E+01  0.10346360E+00
  0.62480435E+01  0.10385717E+00
  0.62580430E+01  0.10425162E+00
  0.62680424E+01  0.10464696E+00
  0.62780419E+01  0.10504322E+00
  0.62880413E+01  0.10544039E+00
  0.62980408E+01  0.10583850E+00
  0.63080402E+01  0.10623755E+00
  0.63180397E+01  0.10663755E+00
  0.63280391E+01  0.10703853E+00
  0.63380386E+01  0.10744048E+00
  0.63480380E+01  0.10784342E+00
  0.63580375E+01  0.10824737E+00
  0.63680369E+01  0.10865233E+00
  0.63780364E+01  0.10905831E+00
  0.63880358E+01  0.10946533E+00
  0.63980353E+01  0.10987339E+00
  0.64080347E+01  0.11028251E+00
  0.64180342E+01  0.11069270E+00
  0.64280336E+01  0.11110397E+00
  0.64380331E+01  0.11151633E+00
  0.64480325E+01  0.11192979E+00
  0.64580320E+01  0.11234436E+00
  0.64680314E+01  0.11276005E+00
  0.64780309E+01  0.11317687E+00
  0.64880303E+01  0.11359483E+00
  0.64980298E+01  0.11401395E+00
  0.65080292E+01  0.11443422E+00
  0.65180287E+01  0.11485567E+00
  0.65280281E+01  0.11527830E+00
  0.65380276E+01  0.11570213E+00
  0.65480270E+01  0.11612715E+00
  0.65580265E+01  0.11655339E+00
  0.65680259E+01  0.11698085E+00
  0.65780254E+01  0.11740955E+00
  0.65880248E+01  0.11783948E+00
  0.65980243E+01  0.11827067E+00
  0.66080237E+01  0.11870312E+00
  0.66180232E+01  0.11913685E+00
  0.66280226E+01  0.11957185E+00
  0.66380221E+01  0.12000814E+00
  0.66480215E+01  0.12044574E+00
  0.66580210E+01  0.12088465E+00
  0.66680204E+01  0.12132487E+00
  0.66780199E+01  0.12176643E+00
  0.66880193E+01  0.12220933E+00
  0.66980188E+01  0.12265358E+00
  0.67080182E+01  0.12309918E+00
  0.67180177E+01  0.12354616E+00
  0.67280171E+01  0.12399451E+00
  0.67380166E+01  0.12444425E+00
  0.67480160E+01  0.12489540E+00
  0.67580155E+01  0.12534794E+00
  0.67680149E+01  0.12580191E+00
  0.67780144E+01  0.12625730E+00
  0.67880138E+01  0.12671414E+00
  0.67980133E+01  0.12717241E+00
  0.68080127E+01  0.12763215E+00
  0.68180122E+01  0.12809335E+00
  0.68280116E+01  0.12855603E+00
  0.68380111E+01  0.12902020E+00
  0.68480105E+01  0.12948587E+00
  0.68580100E+01  0.12995304E+00
  0.68680094E+01  0.13042173E+00
  0.68780089E+01  0.13089195E+00
  0.68880083E+01  0.13136371E+00
  0.68980078E+01  0.13183701E+00
  0.69080072E+01  0.13231188E+00
  0.69180067E+01  0.13278832E+00
  0.69280061E+01  0.13326634E+00
  0.69380056E+01  0.13374595E+00
  0.69480050E+01  0.13422716E+00
  0.69580045E+01  0.13470999E+00
  0.69680039E+01  0.13519445E+00
  0.69780034E+01  0.13568054E+00
  0.69880028E+01  0.13616829E+00
  0.69980023E+01  0.13665769E+00
  0.70080017E+01  0.13714877E+00
  0.70180012E+01  0.13764154E+00
  0.70280006E+01  0.13813600E+00
  0.70380001E+01  0.13863217E+00
  0.70479995E+01  0.13913007E+00
  0.70579990E+01  0.13962970E+00
  0.70679984E+01  0.14013109E+00
  0.70779979E+01  0.14063423E+00
  0.70879973E+01  0.14113916E+00
  0.70979968E+01  0.14164587E+00
  0.71079962E+01  0.14215439E+00
  0.71179957E+01  0.14266473E+00
  0.71279951E+01  0.14317691E+00
  0.71379946E+01  0.14369093E+00
  0.71479940E+01  0.14420682E+00
  0.71579935E+01  0.14472460E+00
  0.71679929E+01  0.14524427E+00
  0.71779924E+01  0.14576585E+00
  0.71879918E+01  0.14628936E+00
  0.71979913E+01  0.14681483E+00
  0.72079907E+01  0.14734226E+00
  0.72179902E+01  0.14787167E+00
  0.72279896E+01  0.14840309E+00
  0.72379891E+01  0.14893652E+00
  0.72479885E+01  0.14947200E+00
  0.72579880E+01  0.15000954E+00
  0.72679874E+01  0.15054916E+00
  0.72779869E+01  0.15109088E+00
  0.72879863E+01  0.15163472E+00
  0.72979858E+01  0.15218071E+00
  0.73079852E+01  0.15272887E+00
  0.73179847E+01  0.15327921E+00
  0.73279841E+01  0.15383177E+00
  0.73379836E+01  0.15438657E+00
  0.73479830E+01  0.15494363E+00
  0.73579825E+01  0.15550297E+00
  0.73679819E+01  0.15606463E+00
  0.73779814E+01  0.15662863E+00
  0.73879808E+01  0.15719500E+00
  0.73979803E+01  0.15776376E+00
  0.74079797E+01  0.15833495E+00
  0.74179792E+01  0.15890859E+00
  0.74279786E+01  0.15948472E+00
  0.74379781E+01  0.16006336E+00
  0.74479775E+01  0.16064455E+00
  0.74579770E+01  0.16122832E+00
  0.74679764E+01  0.16181470E+00
  0.74779759E+01  0.16240373E+00
  0.74879753E+01  0.16299544E+00
  0.74979748E+01  0.16358987E+00
  0.75079742E+01  0.16418706E+00
  0.75179737E+01  0.16478704E+00
  0.75279731E+01  0.16538986E+00
  0.75379726E+01  0.16599555E+00
  0.75479720E+01  0.16660416E+00
  0.75579715E+01  0.16721572E+00
  0.75679709E+01  0.16783029E+00
  0.75779704E+01  0.16844790E+00
  0.75879698E+01  0.16906860E+00
  0.75979693E+01  0.16969244E+00
  0.76079687E+01  0.17031947E+00
  0.76179682E+01  0.17094973E+00
  0.76279676E+01  0.17158328E+00
  0.76379671E+01  0.17222017E+00
  0.76479665E+01  0.17286045E+00
  0.76579660E+01  0.17350417E+00
  0.76679654E+01  0.17415140E+00
  0.76779649E+01  0.17480219E+00
  0.76879643E+01  0.17545660E+00
  0.76979638E+01  0.17611468E+00
  0.77079632E+01  0.17677651E+00
  0.77179627E+01  0.17744214E+00
  0.77279621E+01  0.17811164E+00
  0.77379616E+01  0.17878508E+00
  0.77479610E+01  0.17946252E+00
  0.77579605E+01  0.18014404E+00
  0.77679599E+01  0.18082970E+00
  0.77779594E+01  0.18151959E+00
  0.77879588E+01  0.18221376E+00
  0.77979583E+01  0.18291232E+00
  0.78079577E+01  0.18361532E+00
  0.78179572E+01  0.18432286E+00
  0.78279566E+01  0.18503502E+00
  0.78379561E+01  0.18575187E+00
  0.78479555E+01  0.18647352E+00
  0.78579550E+01  0.18720005E+00
  0.78679544E+01  0.18793155E+00
  0.78779539E+01  0.18866811E+00
  0.78879533E+01  0.18940984E+00
  0.78979528E+01  0.19015683E+00
  0.79079522E+01  0.19090919E+00
  0.79179517E+01  0.19166701E+00
  0.79279511E+01  0.19243041E+00
  0.79379506E+01  0.19319949E+00
  0.79479500E+01  0.19397437E+00
  0.79579495E+01  0.19475516E+00
  0.79679489E+01  0.19554199E+00
  0.79779484E+01  0.19633496E+00
  0.79879478E+01  0.19713422E+00
  0.79979473E+01  0.19793987E+00
  0.80079467E+01  0.19875207E+00
  0.80179462E+01  0.19957094E+00
  0.80279456E+01  0.20039662E+00
  0.80379451E+01  0.20122925E+00
  0.80479445E+01  0.20206898E+00
  0.80579440E+01  0.20291596E+00
  0.80679434E+01  0.20377034E+00
  0.80779429E+01  0.20463228E+00
  0.80879423E+01  0.20550195E+00
  0.80979418E+01  0.20637951E+00
  0.81079412E+01  0.20726513E+00
  0.81179407E+01  0.20815899E+00
  0.81279401E+01  0.20906126E+00
  0.81379396E+01  0.20997215E+00
  0.81479390E+01  0.21089183E+00
  0.81579385E+01  0.21182051E+00
  0.81679379E+01  0.21275839E+00
  0.81779373E+01  0.21370567E+00
  0.81879368E+01  0.21466256E+00
  0.81979362E+01  0.21562930E+00
  0.82079357E+01  0.21660610E+00
  0.82179351E+01  0.21759320E+00
  0.82279346E+01  0.21859083E+00
  0.82379340E+01  0.21959925E+00
  0.82479335E+01  0.22061870E+00
  0.82579329E+01  0.22164944E+00
  0.82679324E+01  0.22269175E+00
  0.82779318E+01  0.22374590E+00
  0.82879313E+01  0.22481218E+00
  0.82979307E+01  0.22589087E+00
  0.83079302E+01  0.22698229E+00
  0.83179296E+01  0.22808673E+00
  0.83279291E+01  0.22920454E+00
  0.83379285E+01  0.23033603E+00
  0.83479280E+01  0.23148156E+00
  0.83579274E+01  0.23264147E+00
  0.83679269E+01  0.23381614E+00
  0.83779263E+01  0.23500594E+00
  0.83879258E+01  0.23621127E+00
  0.83979252E+01  0.23743254E+00
  0.84079247E+01  0.23867017E+00
  0.84179241E+01  0.23992459E+00
  0.84279236E+01  0.24119626E+00
  0.84379230E+01  0.24248565E+00
  0.84479225E+01  0.24379326E+00
  0.84579219E+01  0.24511959E+00
  0.84679214E+01  0.24646517E+00
  0.84779208E+01  0.24783055E+00
  0.84879203E+01  0.24921631E+00
  0.84979197E+01  0.25062303E+00
  0.85079192E+01  0.25205135E+00
  0.85179186E+01  0.25350190E+00
  0.85279181E+01  0.25497537E+00
  0.85379175E+01  0.25647244E+00
  0.85479170E+01  0.25799387E+00
  0.85579164E+01  0.25954040E+00
  0.85679159E+01  0.26111284E+00
  0.85779153E+01  0.26271201E+00
  0.85879148E+01  0.26433879E+00
  0.85979142E+01  0.26599409E+00
  0.86079137E+01  0.26767885E+00
  0.86179131E+01  0.26939407E+00
  0.86279126E+01  0.27114079E+00
  0.86379120E+01  0.27292009E+00
  0.86479115E+01  0.27473313E+00
  0.86579109E+01  0.27658111E+00
  0.86679104E+01  0.27846529E+00
  0.86779098E+01  0.28038699E+00
  0.86879093E+01  0.28234762E+00
  0.86979087E+01  0.28434867E+00
  0.87079082E+01  0.28639168E+00
  0.87179076E+01  0.28847832E+00
  0.87279071E+01  0.29061033E+00
  0.87379065E+01  0.29278958E+00
  0.87479060E+01  0.29501802E+00
  0.87579054E+01  0.29729776E+00
  0.87679049E+01  0.29963101E+00
  0.87779043E+01  0.30202015E+00
  0.87879038E+01  0.30446771E+00
  0.87979032E+01  0.30697637E+00
  0.88079027E+01  0.30954901E+00
  0.88179021E+01  0.31218870E+00
  0.88279016E+01  0.31489871E+00
  0.88379010E+01  0.31768254E+00
  0.88479005E+01  0.32054395E+00
  0.88578999E+01  0.32348692E+00
  0.88678994E+01  0.32651575E+00
  0.88778988E+01  0.32963503E+00
  0.88878983E+01  0.33284968E+00
  0.88978977E+01  0.33616496E+00
  0.89078972E+01  0.33958650E+00
  0.89178966E+01  0.34312034E+00
  0.89278961E+01  0.34677293E+00
  0.89378955E+01  0.35055115E+00
  0.89478950E+01  0.35446237E+00
  0.89578944E+01  0.35851438E+00
  0.89678939E+01  0.36271548E+00
  0.89778933E+01  0.36707442E+00
  0.89878928E+01  0.37160040E+00
  0.89978922E+01  0.37630304E+00
  0.90078917E+01  0.38119236E+00
  0.90178911E+01  0.38627867E+00
  0.90278906E+01  0.39157254E+00
  0.90378900E+01  0.39708467E+00
  0.90478895E+01  0.40282580E+00
  0.90578889E+01  0.40880654E+00
  0.90678884E+01  0.41503723E+00
  0.90778878E+01  0.42152773E+00
  0.90878873E+01  0.42828724E+00
  0.90978867E+01  0.43532403E+00
  0.91078862E+01  0.44264531E+00
  0.91178856E+01  0.45025721E+00
  0.91278851E+01  0.45816516E+00
  0.91378845E+01  0.46637490E+00
  0.91478840E+01  0.47489456E+00
  0.91578834E+01  0.48373792E+00
  0.91678829E+01  0.49292839E+00
  0.91778823E+01  0.50250210E+00
  0.91878818E+01  0.51250726E+00
  0.91978812E+01  0.52299564E+00
  0.92078807E+01  0.53400316E+00
  0.92178801E+01  0.54551984E+00
  0.92278796E+01  0.55745530E+00
  0.92378790E+01  0.56961286E+00
  0.92478785E+01  0.58168736E+00
  0.92578779E+01  0.59329785E+00
  0.92678774E+01  0.60405350E+00
  0.92778768E+01  0.61363590E+00
  0.92878763E+01  0.62186995E+00
  0.92978757E+01  0.62875722E+00
  0.93078752E+01  0.63445915E+00
  0.93178746E+01  0.63923791E+00
  0.93278741E+01  0.64337874E+00
  0.93378735E+01  0.64712198E+00
  0.93478730E+01  0.65062452E+00
  0.93578724E+01  0.65395562E+00
  0.93678719E+01  0.65711823E+00
  0.93778713E+01  0.66008099E+00
  0.93878708E+01  0.66280722E+00
  0.93978702E+01  0.66527359E+00
  0.94078697E+01  0.66747705E+00
  0.94178691E+01  0.66943338E+00
  0.94278686E+01  0.67117131E+00
  0.94378680E+01  0.67272582E+00
  0.94478675E+01  0.67413257E+00
  0.94578669E+01  0.67542414E+00
  0.94678664E+01  0.67662800E+00
  0.94778658E+01  0.67776580E+00
  0.94878653E+01  0.67885351E+00
  0.94978647E+01  0.67990206E+00
  0.95078642E+01  0.68091823E+00
  0.95178636E+01  0.68190567E+00
  0.95278631E+01  0.68286578E+00
  0.95378625E+01  0.68379856E+00
  0.95478620E+01  0.68470337E+00
  0.95578614E+01  0.68557937E+00
  0.95678609E+01  0.68642603E+00
  0.95778603E+01  0.68724334E+00
  0.95878598E+01  0.68803197E+00
  0.95978592E+01  0.68879342E+00
  0.96078587E+01  0.68952999E+00
  0.96178581E+01  0.69024479E+00
  0.96278576E+01  0.69094173E+00
  0.96378570E+01  0.69162553E+00
  0.96478565E+01  0.69230165E+00
  0.96578559E+01  0.69297638E+00
  0.96678554E+01  0.69365689E+00
  0.96778548E+01  0.69435129E+00
  0.96878543E+01  0.69506884E+00
  0.96978537E+01  0.69582010E+00
  0.97078532E+01  0.69661723E+00
  0.97178526E+01  0.69747433E+00
  0.97278521E+01  0.69840789E+00
  0.97378515E+01  0.69943725E+00
  0.97478510E+01  0.70058536E+00
  0.97578504E+01  0.70187942E+00
  0.97678499E+01  0.70335191E+00
  0.97778493E+01  0.70504156E+00
  0.97878488E+01  0.70699454E+00
  0.97978482E+01  0.70926580E+00
  0.98078477E+01  0.71192044E+00
  0.98178471E+01  0.71503524E+00
  0.98278466E+01  0.71870031E+00
  0.98378460E+01  0.72302098E+00
  0.98478455E+01  0.72812000E+00
  0.98578449E+01  0.73413946E+00
  0.98678444E+01  0.74124042E+00
  0.98778438E+01  0.74959564E+00
  0.98878433E+01  0.75936819E+00
  0.98978427E+01  0.77066983E+00
  0.99078422E+01  0.78350133E+00
  0.99178416E+01  0.79769317E+00
  0.99278411E+01  0.81288020E+00
  0.99378405E+01  0.82854318E+00
  0.99478400E+01  0.84412306E+00
  0.99578394E+01  0.85917083E+00
  0.99678389E+01  0.87346644E+00
  0.99778383E+01  0.88704974E+00
  0.99878378E+01  0.90015434E+00
  0.99978372E+01  0.91308713E+00
  0.10007837E+02  0.92611713E+00
  0.10017836E+02  0.93941735E+00
  0.10027836E+02  0.95306477E+00
  0.10037835E+02  0.96707396E+00
  0.10047834E+02  0.98143462E+00
  0.10057834E+02  0.99613397E+00
  0.10067833E+02  0.10111602E+01
  0.10077833E+02  0.10264921E+01
  0.10087832E+02  0.10420818E+01
  0.10097832E+02  0.10578387E+01
  0.10107831E+02  0.10736174E+01
  0.10117831E+02  0.10892150E+01
  0.10127830E+02  0.11043786E+01
  0.10137830E+02  0.11188252E+01
  0.10147829E+02  0.11322708E+01
  0.10157828E+02  0.11444657E+01
  0.10167828E+02  0.11552284E+01
  0.10177827E+02  0.11644721E+01
  0.10187827E+02  0.11722165E+01
  0.10197826E+02  0.11785835E+01
  0.10207826E+02  0.11837755E+01
  0.10217825E+02  0.11880432E+01
  0.10227825E+02  0.11916479E+01
  0.10237824E+02  0.11948274E+01
  0.10247823E+02  0.11977694E+01
  0.10257823E+02  0.12005988E+01
  0.10267822E+02  0.12033748E+01
  0.10277822E+02  0.12061006E+01
  0.10287821E+02  0.12087386E+01
  0.10297821E+02  0.12112315E+01
  0.10307820E+02  0.12135263E+01
  0.10317820E+02  0.12156001E+01
  0.10327819E+02  0.12174886E+01
  0.10337819E+02  0.12193075E+01
  0.10347818E+02  0.12212533E+01
  0.10357817E+02  0.12235498E+01
  0.10367817E+02  0.12263041E+01
  0.10377816E+02  0.12292694E+01
  0.10387816E+02  0.12316088E+01
  0.10397815E+02  0.12318667E+01
  0.10407815E+02  0.12283444E+01
  0.10417814E+02  0.12198256E+01
  0.10427814E+02  0.12062420E+01
  0.10437813E+02  0.11887841E+01
  0.10447812E+02  0.11693406E+01
  0.10457812E+02  0.11496685E+01
  0.10467811E+02  0.11308387E+01
  0.10477811E+02  0.11131821E+01
  0.10487810E+02  0.10965669E+01
  0.10497810E+02  0.10807154E+01
  0.10507809E+02  0.10653934E+01
  0.10517809E+02  0.10504647E+01
  0.10527808E+02  0.10358712E+01
  0.10537808E+02  0.10215950E+01
  0.10547807E+02  0.10076263E+01
  0.10557806E+02  0.99394474E+00
  0.10567806E+02  0.98051118E+00
  0.10577805E+02  0.96726815E+00
  0.10587805E+02  0.95414494E+00
  0.10597804E+02  0.94106626E+00
  0.10607804E+02  0.92796254E+00
  0.10617803E+02  0.91478031E+00
  0.10627803E+02  0.90149137E+00
  0.10637802E+02  0.88809938E+00
  0.10647801E+02  0.87464286E+00
  0.10657801E+02  0.86119431E+00
  0.10667800E+02  0.84785582E+00
  0.10677800E+02  0.83475188E+00
  0.10687799E+02  0.82202105E+00
  0.10697799E+02  0.80980804E+00
  0.10707798E+02  0.79825778E+00
  0.10717798E+02  0.78751276E+00
  0.10727797E+02  0.77771475E+00
  0.10737797E+02  0.76901104E+00
  0.10747796E+02  0.76156586E+00
  0.10757795E+02  0.75557668E+00
  0.10767795E+02  0.75129527E+00
  0.10777794E+02  0.74905310E+00
  0.10787794E+02  0.74928970E+00
  0.10797793E+02  0.75258210E+00
  0.10807793E+02  0.75967234E+00
  0.10817792E+02  0.77149169E+00
  0.10827792E+02  0.78918912E+00
  0.10837791E+02  0.81419863E+00
  0.10847790E+02  0.84841653E+00
  0.10857790E+02  0.89449225E+00
  0.10867789E+02  0.95582269E+00
  0.10877789E+02  0.10352204E+01
  0.10887788E+02  0.11318131E+01
  0.10897788E+02  0.15459441E+01
  0.10907787E+02  0.13459177E+01
  0.10917787E+02  0.14473226E+01
  0.10927786E+02  0.15444214E+01
  0.10937786E+02  0.16418817E+01
  0.10947785E+02  0.17413891E+01
  0.10957784E+02  0.18406118E+01
  0.10967784E+02  0.19362101E+01
  0.10977783E+02  0.20262876E+01
  0.10987783E+02  0.21107086E+01
  0.10997782E+02  0.21903728E+01
  0.11007782E+02  0.22665166E+01
  0.11017781E+02  0.23403231E+01
  0.11027781E+02  0.24127699E+01
  0.11037780E+02  0.24845828E+01
  0.11047779E+02  0.25561164E+01
  0.11057779E+02  0.26269659E+01
  0.11067778E+02  0.26953584E+01
  0.11077778E+02  0.27579116E+01
  0.11087777E+02  0.28105557E+01
  0.11097777E+02  0.28505640E+01
  0.11107776E+02  0.28783239E+01
  0.11117776E+02  0.28974511E+01
  0.11127775E+02  0.29128906E+01
  0.11137774E+02  0.29267734E+01
  0.11147774E+02  0.29339779E+01
  0.11157773E+02  0.29249413E+01
  0.11167773E+02  0.28969188E+01
  0.11177772E+02  0.28583343E+01
  0.11187772E+02  0.28192992E+01
  0.11197771E+02  0.27835226E+01
  0.11207771E+02  0.27502372E+01
  0.11217770E+02  0.27184626E+01
  0.11227770E+02  0.26881621E+01
  0.11237769E+02  0.26597264E+01
  0.11247768E+02  0.26335265E+01
  0.11257768E+02  0.26097581E+01
  0.11267767E+02  0.25884207E+01
  0.11277767E+02  0.25693531E+01
  0.11287766E+02  0.25522919E+01
  0.11297766E+02  0.25369320E+01
  0.11307765E+02  0.25229743E+01
  0.11317765E+02  0.25101564E+01
  0.11327764E+02  0.24982667E+01
  0.11337763E+02  0.24871462E+01
  0.11347763E+02  0.24766822E+01
  0.11357762E+02  0.24667984E+01
  0.11367762E+02  0.24574446E+01
  0.11377761E+02  0.24485875E+01
  0.11387761E+02  0.24402036E+01
  0.11397760E+02  0.24322749E+01
  0.11407760E+02  0.24247858E+01
  0.11417759E+02  0.24177223E+01
  0.11427759E+02  0.24110715E+01
  0.11437758E+02  0.24048214E+01
  0.11447757E+02  0.23989613E+01
  0.11457757E+02  0.23934820E+01
  0.11467756E+02  0.23883754E+01
  0.11477756E+02  0.23836349E+01
  0.11487755E+02  0.23792544E+01
  0.11497755E+02  0.23752288E+01
  0.11507754E+02  0.23715534E+01
  0.11517754E+02  0.23682237E+01
  0.11527753E+02  0.23652354E+01
  0.11537752E+02  0.23625845E+01
  0.11547752E+02  0.23602676E+01
  0.11557751E+02  0.23582816E+01
  0.11567751E+02  0.23566241E+01
  0.11577750E+02  0.23552937E+01
  0.11587750E+02  0.23542900E+01
  0.11597749E+02  0.23536130E+01
  0.11607749E+02  0.23532634E+01
  0.11617748E+02  0.23532416E+01
  0.11627748E+02  0.23535470E+01
  0.11637747E+02  0.23541764E+01
  0.11647746E+02  0.23551234E+01
  0.11657746E+02  0.23563760E+01
  0.11667745E+02  0.23579160E+01
  0.11677745E+02  0.23597180E+01
  0.11687744E+02  0.23617499E+01
  0.11697744E+02  0.23639750E+01
  0.11707743E+02  0.23663578E+01
  0.11717743E+02  0.23688736E+01
  0.11727742E+02  0.23715223E+01
  0.11737741E+02  0.23743460E+01
  0.11747741E+02  0.23774441E+01
  0.11757740E+02  0.23809783E+01
  0.11767740E+02  0.23851533E+01
  0.11777739E+02  0.23901603E+01
  0.11787739E+02  0.23960829E+01
  0.11797738E+02  0.24027793E+01
  0.11807738E+02  0.24097838E+01
  0.11817737E+02  0.24162808E+01
  0.11827737E+02  0.24211976E+01
  0.11837736E+02  0.24234184E+01
  0.11847735E+02  0.24220656E+01
  0.11857735E+02  0.24167513E+01
  0.11867734E+02  0.24076987E+01
  0.11877734E+02  0.23956832E+01
  0.11887733E+02  0.23818179E+01
  0.11897733E+02  0.23672668E+01
  0.11907732E+02  0.23529892E+01
  0.11917732E+02  0.23395836E+01
  0.11927731E+02  0.23272519E+01
  0.11937730E+02  0.23158537E+01
  0.11947730E+02  0.23050035E+01
  0.11957729E+02  0.22941699E+01
  0.11967729E+02  0.22827535E+01
  0.11977728E+02  0.22701439E+01
  0.11987728E+02  0.22557645E+01
  0.11997727E+02  0.22391171E+01
  0.12007727E+02  0.22198305E+01
  0.12017726E+02  0.21977100E+01
  0.12027726E+02  0.21727741E+01
  0.12037725E+02  0.21452680E+01
  0.12047724E+02  0.21156428E+01
  0.12057724E+02  0.20845018E+01
  0.12067723E+02  0.20525247E+01
  0.12077723E+02  0.20203847E+01
  0.12087722E+02  0.19886766E+01
  0.12097722E+02  0.19578691E+01
  0.12107721E+02  0.19282853E+01
  0.12117721E+02  0.19001091E+01
  0.12127720E+02  0.18734086E+01
  0.12137719E+02  0.18481676E+01
  0.12147719E+02  0.18243160E+01
  0.12157718E+02  0.18017537E+01
  0.12167718E+02  0.17803666E+01
  0.12177717E+02  0.17600364E+01
  0.12187717E+02  0.17406474E+01
  0.12197716E+02  0.17220965E+01
  0.12207716E+02  0.17043120E+01
  0.12217715E+02  0.16872808E+01
  0.12227715E+02  0.16710756E+01
  0.12237714E+02  0.16558606E+01
  0.12247713E+02  0.16418522E+01
  0.12257713E+02  0.16292460E+01
  0.12267712E+02  0.16181600E+01
  0.12277712E+02  0.16086365E+01
  0.12287711E+02  0.16006534E+01
  0.12297711E+02  0.15940650E+01
  0.12307710E+02  0.15882458E+01
  0.12317710E+02  0.15802726E+01
  0.12327709E+02  0.15609801E+01
  0.12337708E+02  0.19761041E+01
  0.12347708E+02  0.17812537E+01
  0.12357707E+02  0.13355978E+01
  0.12367707E+02  0.12393372E+01
  0.12377706E+02  0.11599995E+01
  0.12387706E+02  0.10961935E+01
  0.12397705E+02  0.10423351E+01
  0.12407705E+02  0.99491423E+00
  0.12417704E+02  0.95250342E+00
  0.12427704E+02  0.91450234E+00
  0.12437703E+02  0.88052615E+00
  0.12447702E+02  0.85023142E+00
  0.12457702E+02  0.82327748E+00
  0.12467701E+02  0.79932130E+00
  0.12477701E+02  0.77802234E+00
  0.12487700E+02  0.75905135E+00
  0.12497700E+02  0.74210003E+00
  0.12507699E+02  0.72688936E+00
  0.12517699E+02  0.71317476E+00
  0.12527698E+02  0.70074779E+00
  0.12537697E+02  0.68943478E+00
  0.12547697E+02  0.67909338E+00
  0.12557696E+02  0.66960813E+00
  0.12567696E+02  0.66088588E+00
  0.12577695E+02  0.65285142E+00
  0.12587695E+02  0.64544388E+00
  0.12597694E+02  0.63861357E+00
  0.12607694E+02  0.63231950E+00
  0.12617693E+02  0.62652736E+00
  0.12627693E+02  0.62120793E+00
  0.12637692E+02  0.61633583E+00
  0.12647691E+02  0.61188856E+00
  0.12657691E+02  0.60784585E+00
  0.12667690E+02  0.60418913E+00
  0.12677690E+02  0.60090122E+00
  0.12687689E+02  0.59796615E+00
  0.12697689E+02  0.59536904E+00
  0.12707688E+02  0.59309610E+00
  0.12717688E+02  0.59113456E+00
  0.12727687E+02  0.58947277E+00
  0.12737686E+02  0.58810018E+00
  0.12747686E+02  0.58700736E+00
  0.12757685E+02  0.58618604E+00
  0.12767685E+02  0.58562909E+00
  0.12777684E+02  0.58533048E+00
  0.12787684E+02  0.58528529E+00
  0.12797683E+02  0.58548965E+00
  0.12807683E+02  0.58594068E+00
  0.12817682E+02  0.58663646E+00
  0.12827682E+02  0.58757596E+00
  0.12837681E+02  0.58875896E+00
  0.12847680E+02  0.59018606E+00
  0.12857680E+02  0.59185855E+00
  0.12867679E+02  0.59377842E+00
  0.12877679E+02  0.59594828E+00
  0.12887678E+02  0.59837135E+00
  0.12897678E+02  0.60105137E+00
  0.12907677E+02  0.60399265E+00
  0.12917677E+02  0.60719996E+00
  0.12927676E+02  0.61067853E+00
  0.12937675E+02  0.61443406E+00
  0.12947675E+02  0.61847264E+00
  0.12957674E+02  0.62280075E+00
  0.12967674E+02  0.62742525E+00
  0.12977673E+02  0.63235331E+00
  0.12987673E+02  0.63759246E+00
  0.12997672E+02  0.64315050E+00
  0.13007672E+02  0.64903549E+00
  0.13017671E+02  0.65525577E+00
  0.13027671E+02  0.66181992E+00
  0.13037670E+02  0.66873677E+00
  0.13047669E+02  0.67601542E+00
  0.13057669E+02  0.68366525E+00
  0.13067668E+02  0.69169604E+00
  0.13077668E+02  0.70011797E+00
  0.13087667E+02  0.70894182E+00
  0.13097667E+02  0.71817901E+00
  0.13107666E+02  0.72784181E+00
  0.13117666E+02  0.73794338E+00
  0.13127665E+02  0.74849787E+00
  0.13137664E+02  0.75952038E+00
  0.13147664E+02  0.77102675E+00
  0.13157663E+02  0.78303320E+00
  0.13167663E+02  0.79555571E+00
  0.13177662E+02  0.80860922E+00
  0.13187662E+02  0.82220660E+00
  0.13197661E+02  0.83635771E+00
  0.13207661E+02  0.85106867E+00
  0.13217660E+02  0.86634184E+00
  0.13227660E+02  0.88217691E+00
  0.13237659E+02  0.89857345E+00
  0.13247658E+02  0.91553506E+00
  0.13257658E+02  0.93307461E+00
  0.13267657E+02  0.95121915E+00
  0.13277657E+02  0.97001225E+00
  0.13287656E+02  0.98951059E+00
  0.13297656E+02  0.10097720E+01
  0.13307655E+02  0.10308331E+01
  0.13317655E+02  0.10526781E+01
  0.13327654E+02  0.10752031E+01
  0.13337653E+02  0.10981870E+01
  0.13347653E+02  0.11212768E+01
  0.13357652E+02  0.11440014E+01
  0.13367652E+02  0.11658147E+01
  0.13377651E+02  0.11861677E+01
  0.13387651E+02  0.12045946E+01
  0.13397650E+02  0.12207940E+01
  0.13407650E+02  0.12346855E+01
  0.13417649E+02  0.12464256E+01
  0.13427649E+02  0.12563780E+01
  0.13437648E+02  0.12650477E+01
  0.13447647E+02  0.12729935E+01
  0.13457647E+02  0.12807415E+01
  0.13467646E+02  0.12887179E+01
  0.13477646E+02  0.12972112E+01
  0.13487645E+02  0.13063674E+01
  0.13497645E+02  0.13162099E+01
  0.13507644E+02  0.13266748E+01
  0.13517644E+02  0.13376500E+01
  0.13527643E+02  0.13490095E+01
  0.13537642E+02  0.13606378E+01
  0.13547642E+02  0.13724432E+01
  0.13557641E+02  0.13843628E+01
  0.13567641E+02  0.13963608E+01
  0.13577640E+02  0.14084231E+01
  0.13587640E+02  0.14205518E+01
  0.13597639E+02  0.14327595E+01
  0.13607639E+02  0.14450646E+01
  0.13617638E+02  0.14574885E+01
  0.13627638E+02  0.14700533E+01
  0.13637637E+02  0.14827807E+01
  0.13647636E+02  0.14956914E+01
  0.13657636E+02  0.15088050E+01
  0.13667635E+02  0.15221404E+01
  0.13677635E+02  0.15357156E+01
  0.13687634E+02  0.15495484E+01
  0.13697634E+02  0.15636569E+01
  0.13707633E+02  0.15780598E+01
  0.13717633E+02  0.15927769E+01
  0.13727632E+02  0.16078296E+01
  0.13737631E+02  0.16232408E+01
  0.13747631E+02  0.16390356E+01
  0.13757630E+02  0.16552408E+01
  0.13767630E+02  0.16718851E+01
  0.13777629E+02  0.16889991E+01
  0.13787629E+02  0.17066140E+01
  0.13797628E+02  0.17247619E+01
  0.13807628E+02  0.17434744E+01
  0.13817627E+02  0.17627821E+01
  0.13827626E+02  0.17827137E+01
  0.13837626E+02  0.18032947E+01
  0.13847625E+02  0.18245474E+01
  0.13857625E+02  0.18464903E+01
  0.13867624E+02  0.18691385E+01
  0.13877624E+02  0.18925053E+01
  0.13887623E+02  0.19166051E+01
  0.13897623E+02  0.19414585E+01
  0.13907622E+02  0.19670993E+01
  0.13917622E+02  0.19935852E+01
  0.13927621E+02  0.20210090E+01
  0.13937620E+02  0.20495113E+01
  0.13947620E+02  0.20792920E+01
  0.13957619E+02  0.21106281E+01
  0.13967619E+02  0.21439214E+01
  0.13977618E+02  0.21798009E+01
  0.13987618E+02  0.22191856E+01
  0.13997617E+02  0.22629471E+01
  0.14007617E+02  0.23108196E+01
  0.14017616E+02  0.23601640E+01
  0.14027615E+02  0.25599814E+01
  0.14037615E+02  0.24456251E+01
  0.14047614E+02  0.24775501E+01
  0.14057614E+02  0.25048331E+01
  0.14067613E+02  0.25304747E+01
  0.14077613E+02  0.25559298E+01
  0.14087612E+02  0.25813906E+01
  0.14097612E+02  0.26068553E+01
  0.14107611E+02  0.26326384E+01
  0.14117611E+02  0.26592352E+01
  0.14127610E+02  0.26870012E+01
  0.14137609E+02  0.27159535E+01
  0.14147609E+02  0.27458116E+01
  0.14157608E+02  0.27764282E+01
  0.14167608E+02  0.28088704E+01
  0.14177607E+02  0.28465129E+01
  0.14187607E+02  0.28921582E+01
  0.14197606E+02  0.29386323E+01
  0.14207606E+02  0.31202686E+01
  0.14217605E+02  0.29627167E+01
  0.14227604E+02  0.29319291E+01
  0.14237604E+02  0.28878240E+01
  0.14247603E+02  0.28418184E+01
  0.14257603E+02  0.28021104E+01
  0.14267602E+02  0.27730273E+01
  0.14277602E+02  0.27549159E+01
  0.14287601E+02  0.27461631E+01
  0.14297601E+02  0.27451268E+01
  0.14307600E+02  0.27508461E+01
  0.14317600E+02  0.27631673E+01
  0.14327599E+02  0.27829525E+01
  0.14337598E+02  0.28120584E+01
  0.14347598E+02  0.28517407E+01
  0.14357597E+02  0.29890957E+01
  0.14367597E+02  0.31149356E+01
  0.14377596E+02  0.29931209E+01
  0.14387596E+02  0.30338838E+01
  0.14397595E+02  0.30761848E+01
  0.14407595E+02  0.31255070E+01
  0.14417594E+02  0.31863000E+01
  0.14427593E+02  0.32621387E+01
  0.14437593E+02  0.33501231E+01
  0.14447592E+02  0.34359293E+01
  0.14457592E+02  0.35060118E+01
  0.14467591E+02  0.35636518E+01
  0.14477591E+02  0.36236269E+01
  0.14487590E+02  0.36979250E+01
  0.14497590E+02  0.37913320E+01
  0.14507589E+02  0.39045157E+01
  0.14517589E+02  0.40381297E+01
  0.14527588E+02  0.41955082E+01
  0.14537587E+02  0.43843836E+01
  0.14547587E+02  0.46183407E+01
  0.14557586E+02  0.49161142E+01
  0.14567586E+02  0.52938678E+01
  0.14577585E+02  0.57472990E+01
  0.14587585E+02  0.63856669E+01
  0.14597584E+02  0.68161568E+01
  0.14607584E+02  0.79334910E+01
  0.14617583E+02  0.80879806E+01
  0.14627582E+02  0.70479383E+01
  0.14637582E+02  0.62574384E+01
  0.14647581E+02  0.56834780E+01
  0.14657581E+02  0.53568730E+01
  0.14667580E+02  0.44010097E+01
  0.14677580E+02  0.38148108E+01
  0.14687579E+02  0.33552347E+01
  0.14697579E+02  0.30266261E+01
  0.14707578E+02  0.27953351E+01
  0.14717578E+02  0.26267685E+01
  0.14727577E+02  0.24979435E+01
  0.14737576E+02  0.23952630E+01
  0.14747576E+02  0.23106027E+01
  0.14757575E+02  0.22388904E+01
  0.14767575E+02  0.21768100E+01
  0.14777574E+02  0.21220971E+01
  0.14787574E+02  0.20731455E+01
  0.14797573E+02  0.20287814E+01
  0.14807573E+02  0.19881284E+01
  0.14817572E+02  0.19505212E+01
  0.14827571E+02  0.19154457E+01
  0.14837571E+02  0.18824961E+01
  0.14847570E+02  0.18513428E+01
  0.14857570E+02  0.18217097E+01
  0.14867569E+02  0.17933591E+01
  0.14877569E+02  0.17660835E+01
  0.14887568E+02  0.17397053E+01
  0.14897568E+02  0.17140785E+01
  0.14907567E+02  0.16890889E+01
  0.14917567E+02  0.16646405E+01
  0.14927566E+02  0.16406220E+01
  0.14937565E+02  0.16168569E+01
  0.14947565E+02  0.15930596E+01
  0.14957564E+02  0.15688329E+01
  0.14967564E+02  0.15437312E+01
  0.14977563E+02  0.15173800E+01
  0.14987563E+02  0.14895994E+01
  0.14997562E+02  0.14604654E+01
  0.15007562E+02  0.14302736E+01
  0.15017561E+02  0.13994249E+01
  0.15027560E+02  0.13682961E+01
  0.15037560E+02  0.13371554E+01
  0.15047559E+02  0.13061465E+01
  0.15057559E+02  0.12753250E+01
  0.15067558E+02  0.12447111E+01
  0.15077558E+02  0.12143301E+01
  0.15087557E+02  0.11842309E+01
  0.15097557E+02  0.11544872E+01
  0.15107556E+02  0.11251894E+01
  0.15117556E+02  0.10964362E+01
  0.15127555E+02  0.10683260E+01
  0.15137554E+02  0.10409514E+01
  0.15147554E+02  0.10143923E+01
  0.15157553E+02  0.98870987E+00
  0.15167553E+02  0.96393804E+00
  0.15177552E+02  0.94007549E+00
  0.15187552E+02  0.91707751E+00
  0.15197551E+02  0.89485046E+00
  0.15207551E+02  0.87325042E+00
  0.15217550E+02  0.85208822E+00
  0.15227549E+02  0.83114191E+00
  0.15237549E+02  0.81017676E+00
  0.15247548E+02  0.78897127E+00
  0.15257548E+02  0.76734596E+00
  0.15267547E+02  0.74519063E+00
  0.15277547E+02  0.72248530E+00
  0.15287546E+02  0.69931067E+00
  0.15297546E+02  0.67584545E+00
  0.15307545E+02  0.65235044E+00
  0.15317545E+02  0.62914140E+00
  0.15327544E+02  0.60655513E+00
  0.15337543E+02  0.58491411E+00
  0.15347543E+02  0.56449524E+00
  0.15357542E+02  0.54550681E+00
  0.15367542E+02  0.52807644E+00
  0.15377541E+02  0.51225005E+00
  0.15387541E+02  0.49800033E+00
  0.15397540E+02  0.48524182E+00
  0.15407540E+02  0.47384922E+00
  0.15417539E+02  0.46367562E+00
  0.15427538E+02  0.45456844E+00
  0.15437538E+02  0.44638142E+00
  0.15447537E+02  0.43898245E+00
  0.15457537E+02  0.43225752E+00
  0.15467536E+02  0.42611147E+00
  0.15477536E+02  0.42046677E+00
  0.15487535E+02  0.41526103E+00
  0.15497535E+02  0.41044415E+00
  0.15507534E+02  0.40597555E+00
  0.15517534E+02  0.40182175E+00
  0.15527533E+02  0.39795449E+00
  0.15537532E+02  0.39434934E+00
  0.15547532E+02  0.39098466E+00
  0.15557531E+02  0.38784094E+00
  0.15567531E+02  0.38490038E+00
  0.15577530E+02  0.38214659E+00
  0.15587530E+02  0.37956444E+00
  0.15597529E+02  0.37713994E+00
  0.15607529E+02  0.37486010E+00
  0.15617528E+02  0.37271298E+00
  0.15627527E+02  0.37068752E+00
  0.15637527E+02  0.36877357E+00
  0.15647526E+02  0.36696179E+00
  0.15657526E+02  0.36524365E+00
  0.15667525E+02  0.36361133E+00
  0.15677525E+02  0.36205771E+00
  0.15687524E+02  0.36057630E+00
  0.15697524E+02  0.35916121E+00
  0.15707523E+02  0.35780708E+00
  0.15717523E+02  0.35650908E+00
  0.15727522E+02  0.35526282E+00
  0.15737521E+02  0.35406434E+00
  0.15747521E+02  0.35291004E+00
  0.15757520E+02  0.35179671E+00
  0.15767520E+02  0.35072143E+00
  0.15777519E+02  0.34968157E+00
  0.15787519E+02  0.34867474E+00
  0.15797518E+02  0.34769882E+00
  0.15807518E+02  0.34675187E+00
  0.15817517E+02  0.34583212E+00
  0.15827516E+02  0.34493802E+00
  0.15837516E+02  0.34406810E+00
  0.15847515E+02  0.34322108E+00
  0.15857515E+02  0.34239577E+00
  0.15867514E+02  0.34159107E+00
  0.15877514E+02  0.34080601E+00
  0.15887513E+02  0.34003968E+00
  0.15897513E+02  0.33929123E+00
  0.15907512E+02  0.33855990E+00
  0.15917512E+02  0.33784498E+00
  0.15927511E+02  0.33714580E+00
  0.15937510E+02  0.33646175E+00
  0.15947510E+02  0.33579224E+00
  0.15957509E+02  0.33513674E+00
  0.15967509E+02  0.33449472E+00
  0.15977508E+02  0.33386571E+00
  0.15987508E+02  0.33324925E+00
  0.15997507E+02  0.33264489E+00
  0.16007507E+02  0.33205222E+00
  0.16017506E+02  0.33147083E+00
  0.16027505E+02  0.33090034E+00
  0.16037505E+02  0.33034037E+00
  0.16047504E+02  0.32979057E+00
  0.16057504E+02  0.32925058E+00
  0.16067503E+02  0.32872006E+00
  0.16077503E+02  0.32819869E+00
  0.16087502E+02  0.32768613E+00
  0.16097502E+02  0.32718208E+00
  0.16107501E+02  0.32668623E+00
  0.16117501E+02  0.32619828E+00
  0.16127500E+02  0.32571793E+00
  0.16137499E+02  0.32524490E+00
  0.16147499E+02  0.32477889E+00
  0.16157498E+02  0.32431964E+00
  0.16167498E+02  0.32386686E+00
  0.16177497E+02  0.32342030E+00
  0.16187497E+02  0.32297969E+00
  0.16197496E+02  0.32254476E+00
  0.16207496E+02  0.32211527E+00
  0.16217495E+02  0.32169096E+00
  0.16227494E+02  0.32127160E+00
  0.16237494E+02  0.32085694E+00
  0.16247493E+02  0.32044674E+00
  0.16257493E+02  0.32004078E+00
  0.16267492E+02  0.31963882E+00
  0.16277492E+02  0.31924065E+00
  0.16287491E+02  0.31884605E+00
  0.16297491E+02  0.31845480E+00
  0.16307490E+02  0.31806669E+00
  0.16317490E+02  0.31768153E+00
  0.16327489E+02  0.31729910E+00
  0.16337488E+02  0.31691922E+00
  0.16347488E+02  0.31654169E+00
  0.16357487E+02  0.31616633E+00
  0.16367487E+02  0.31579294E+00
  0.16377486E+02  0.31542136E+00
  0.16387486E+02  0.31505141E+00
  0.16397485E+02  0.31468292E+00
  0.16407485E+02  0.31431573E+00
  0.16417484E+02  0.31394966E+00
  0.16427483E+02  0.31358457E+00
  0.16437483E+02  0.31322030E+00
  0.16447482E+02  0.31285670E+00
  0.16457482E+02  0.31249363E+00
  0.16467481E+02  0.31213094E+00
  0.16477481E+02  0.31176849E+00
  0.16487480E+02  0.31140616E+00
  0.16497480E+02  0.31104380E+00
  0.16507479E+02  0.31068130E+00
  0.16517479E+02  0.31031852E+00
  0.16527478E+02  0.30995536E+00
  0.16537477E+02  0.30959169E+00
  0.16547477E+02  0.30922740E+00
  0.16557476E+02  0.30886238E+00
  0.16567476E+02  0.30849653E+00
  0.16577475E+02  0.30812974E+00
  0.16587475E+02  0.30776190E+00
  0.16597474E+02  0.30739294E+00
  0.16607474E+02  0.30702274E+00
  0.16617473E+02  0.30665122E+00
  0.16627472E+02  0.30627830E+00
  0.16637472E+02  0.30590388E+00
  0.16647471E+02  0.30552789E+00
  0.16657471E+02  0.30515025E+00
  0.16667470E+02  0.30477087E+00
  0.16677470E+02  0.30438970E+00
  0.16687469E+02  0.30400665E+00
  0.16697469E+02  0.30362166E+00
  0.16707468E+02  0.30323467E+00
  0.16717467E+02  0.30284560E+00
  0.16727467E+02  0.30245441E+00
  0.16737466E+02  0.30206103E+00
  0.16747466E+02  0.30166542E+00
  0.16757465E+02  0.30126751E+00
  0.16767465E+02  0.30086726E+00
  0.16777464E+02  0.30046462E+00
  0.16787464E+02  0.30005955E+00
  0.16797463E+02  0.29965200E+00
  0.16807463E+02  0.29924193E+00
  0.16817462E+02  0.29882931E+00
  0.16827461E+02  0.29841411E+00
  0.16837461E+02  0.29799628E+00
  0.16847460E+02  0.29757580E+00
  0.16857460E+02  0.29715263E+00
  0.16867459E+02  0.29672676E+00
  0.16877459E+02  0.29629816E+00
  0.16887458E+02  0.29586681E+00
  0.16897458E+02  0.29543269E+00
  0.16907457E+02  0.29499577E+00
  0.16917456E+02  0.29455605E+00
  0.16927456E+02  0.29411351E+00
  0.16937455E+02  0.29366813E+00
  0.16947455E+02  0.29321992E+00
  0.16957454E+02  0.29276886E+00
  0.16967454E+02  0.29231495E+00
  0.16977453E+02  0.29185817E+00
  0.16987453E+02  0.29139854E+00
  0.16997452E+02  0.29093604E+00
  0.17007452E+02  0.29047069E+00
  0.17017451E+02  0.29000248E+00
  0.17027450E+02  0.28953141E+00
  0.17037450E+02  0.28905751E+00
  0.17047449E+02  0.28858076E+00
  0.17057449E+02  0.28810118E+00
  0.17067448E+02  0.28761879E+00
  0.17077448E+02  0.28713359E+00
  0.17087447E+02  0.28664560E+00
  0.17097447E+02  0.28615484E+00
  0.17107446E+02  0.28566131E+00
  0.17117445E+02  0.28516504E+00
  0.17127445E+02  0.28466604E+00
  0.17137444E+02  0.28416434E+00
  0.17147444E+02  0.28365996E+00
  0.17157443E+02  0.28315292E+00
  0.17167443E+02  0.28264323E+00
  0.17177442E+02  0.28213094E+00
  0.17187442E+02  0.28161605E+00
  0.17197441E+02  0.28109860E+00
  0.17207441E+02  0.28057861E+00
  0.17217440E+02  0.28005612E+00
  0.17227439E+02  0.27953114E+00
  0.17237439E+02  0.27900371E+00
  0.17247438E+02  0.27847386E+00
  0.17257438E+02  0.27794162E+00
  0.17267437E+02  0.27740702E+00
  0.17277437E+02  0.27687009E+00
  0.17287436E+02  0.27633086E+00
  0.17297436E+02  0.27578937E+00
  0.17307435E+02  0.27524564E+00
  0.17317434E+02  0.27469972E+00
  0.17327434E+02  0.27415163E+00
  0.17337433E+02  0.27360141E+00
  0.17347433E+02  0.27304909E+00
  0.17357432E+02  0.27249471E+00
  0.17367432E+02  0.27193830E+00
  0.17377431E+02  0.27137989E+00
  0.17387431E+02  0.27081953E+00
  0.17397430E+02  0.27025724E+00
  0.17407430E+02  0.26969307E+00
  0.17417429E+02  0.26912704E+00
  0.17427428E+02  0.26855919E+00
  0.17437428E+02  0.26798955E+00
  0.17447427E+02  0.26741817E+00
  0.17457427E+02  0.26684507E+00
  0.17467426E+02  0.26627029E+00
  0.17477426E+02  0.26569387E+00
  0.17487425E+02  0.26511584E+00
  0.17497425E+02  0.26453623E+00
  0.17507424E+02  0.26395507E+00
  0.17517423E+02  0.26337241E+00
  0.17527423E+02  0.26278827E+00
  0.17537422E+02  0.26220269E+00
  0.17547422E+02  0.26161570E+00
  0.17557421E+02  0.26102734E+00
  0.17567421E+02  0.26043762E+00
  0.17577420E+02  0.25984660E+00
  0.17587420E+02  0.25925430E+00
  0.17597419E+02  0.25866074E+00
  0.17607419E+02  0.25806597E+00
  0.17617418E+02  0.25747001E+00
  0.17627417E+02  0.25687289E+00
  0.17637417E+02  0.25627464E+00
  0.17647416E+02  0.25567530E+00
  0.17657416E+02  0.25507488E+00
  0.17667415E+02  0.25447342E+00
  0.17677415E+02  0.25387095E+00
  0.17687414E+02  0.25326749E+00
  0.17697414E+02  0.25266307E+00
  0.17707413E+02  0.25205771E+00
  0.17717412E+02  0.25145145E+00
  0.17727412E+02  0.25084431E+00
  0.17737411E+02  0.25023631E+00
  0.17747411E+02  0.24962747E+00
  0.17757410E+02  0.24901783E+00
  0.17767410E+02  0.24840741E+00
  0.17777409E+02  0.24779622E+00
  0.17787409E+02  0.24718429E+00
  0.17797408E+02  0.24657165E+00
  0.17807408E+02  0.24595832E+00
  0.17817407E+02  0.24534431E+00
  0.17827406E+02  0.24472964E+00
  0.17837406E+02  0.24411435E+00
  0.17847405E+02  0.24349844E+00
  0.17857405E+02  0.24288194E+00
  0.17867404E+02  0.24226486E+00
  0.17877404E+02  0.24164723E+00
  0.17887403E+02  0.24102906E+00
  0.17897403E+02  0.24041037E+00
  0.17907402E+02  0.23979118E+00
  0.17917401E+02  0.23917150E+00
  0.17927401E+02  0.23855135E+00
  0.17937400E+02  0.23793074E+00
  0.17947400E+02  0.23730970E+00
  0.17957399E+02  0.23668823E+00
  0.17967399E+02  0.23606635E+00
  0.17977398E+02  0.23544408E+00
  0.17987398E+02  0.23482143E+00
  0.17997397E+02  0.23419840E+00
  0.18007397E+02  0.23357503E+00
  0.18017396E+02  0.23295131E+00
  0.18027395E+02  0.23232726E+00
  0.18037395E+02  0.23170289E+00
  0.18047394E+02  0.23107822E+00
  0.18057394E+02  0.23045325E+00
  0.18067393E+02  0.22982800E+00
  0.18077393E+02  0.22920247E+00
  0.18087392E+02  0.22857669E+00
  0.18097392E+02  0.22795065E+00
  0.18107391E+02  0.22732436E+00
  0.18117390E+02  0.22669785E+00
  0.18127390E+02  0.22607111E+00
  0.18137389E+02  0.22544416E+00
  0.18147389E+02  0.22481700E+00
  0.18157388E+02  0.22418965E+00
  0.18167388E+02  0.22356211E+00
  0.18177387E+02  0.22293438E+00
  0.18187387E+02  0.22230649E+00
  0.18197386E+02  0.22167843E+00
  0.18207386E+02  0.22105021E+00
  0.18217385E+02  0.22042184E+00
  0.18227384E+02  0.21979333E+00
  0.18237384E+02  0.21916469E+00
  0.18247383E+02  0.21853591E+00
  0.18257383E+02  0.21790702E+00
  0.18267382E+02  0.21727800E+00
  0.18277382E+02  0.21664888E+00
  0.18287381E+02  0.21601966E+00
  0.18297381E+02  0.21539033E+00
  0.18307380E+02  0.21476092E+00
  0.18317379E+02  0.21413142E+00
  0.18327379E+02  0.21350184E+00
  0.18337378E+02  0.21287219E+00
  0.18347378E+02  0.21224247E+00
  0.18357377E+02  0.21161268E+00
  0.18367377E+02  0.21098284E+00
  0.18377376E+02  0.21035294E+00
  0.18387376E+02  0.20972300E+00
  0.18397375E+02  0.20909301E+00
  0.18407375E+02  0.20846298E+00
  0.18417374E+02  0.20783292E+00
  0.18427373E+02  0.20720283E+00
  0.18437373E+02  0.20657272E+00
  0.18447372E+02  0.20594259E+00
  0.18457372E+02  0.20531244E+00
  0.18467371E+02  0.20468229E+00
  0.18477371E+02  0.20405212E+00
  0.18487370E+02  0.20342196E+00
  0.18497370E+02  0.20279180E+00
  0.18507369E+02  0.20216164E+00
  0.18517368E+02  0.20153150E+00
  0.18527368E+02  0.20090137E+00
  0.18537367E+02  0.20027126E+00
  0.18547367E+02  0.19964117E+00
  0.18557366E+02  0.19901111E+00
  0.18567366E+02  0.19838108E+00
  0.18577365E+02  0.19775109E+00
  0.18587365E+02  0.19712113E+00
  0.18597364E+02  0.19649122E+00
  0.18607364E+02  0.19586136E+00
  0.18617363E+02  0.19523154E+00
  0.18627362E+02  0.19460178E+00
  0.18637362E+02  0.19397208E+00
  0.18647361E+02  0.19334244E+00
  0.18657361E+02  0.19271286E+00
  0.18667360E+02  0.19208335E+00
  0.18677360E+02  0.19145392E+00
  0.18687359E+02  0.19082456E+00
  0.18697359E+02  0.19019528E+00
  0.18707358E+02  0.18956608E+00
  0.18717357E+02  0.18893697E+00
  0.18727357E+02  0.18830795E+00
  0.18737356E+02  0.18767902E+00
  0.18747356E+02  0.18705019E+00
  0.18757355E+02  0.18642146E+00
  0.18767355E+02  0.18579283E+00
  0.18777354E+02  0.18516431E+00
  0.18787354E+02  0.18453590E+00
  0.18797353E+02  0.18390760E+00
  0.18807353E+02  0.18327943E+00
  0.18817352E+02  0.18265137E+00
  0.18827351E+02  0.18202344E+00
  0.18837351E+02  0.18139564E+00
  0.18847350E+02  0.18076797E+00
  0.18857350E+02  0.18014043E+00
  0.18867349E+02  0.17951303E+00
  0.18877349E+02  0.17888578E+00
  0.18887348E+02  0.17825867E+00
  0.18897348E+02  0.17763172E+00
  0.18907347E+02  0.17700492E+00
  0.18917346E+02  0.17637827E+00
  0.18927346E+02  0.17575179E+00
  0.18937345E+02  0.17512548E+00
  0.18947345E+02  0.17449934E+00
  0.18957344E+02  0.17387337E+00
  0.18967344E+02  0.17324758E+00
  0.18977343E+02  0.17262198E+00
  0.18987343E+02  0.17199656E+00
  0.18997342E+02  0.17137134E+00
  0.19007342E+02  0.17074632E+00
  0.19017341E+02  0.17012151E+00
  0.19027340E+02  0.16949690E+00
  0.19037340E+02  0.16887251E+00
  0.19047339E+02  0.16824834E+00
  0.19057339E+02  0.16762440E+00
  0.19067338E+02  0.16700070E+00
  0.19077338E+02  0.16637723E+00
  0.19087337E+02  0.16575401E+00
  0.19097337E+02  0.16513105E+00
  0.19107336E+02  0.16450834E+00
  0.19117335E+02  0.16388591E+00
  0.19127335E+02  0.16326376E+00
  0.19137334E+02  0.16264189E+00
  0.19147334E+02  0.16202031E+00
  0.19157333E+02  0.16139904E+00
  0.19167333E+02  0.16077808E+00
  0.19177332E+02  0.16015745E+00
  0.19187332E+02  0.15953715E+00
  0.19197331E+02  0.15891719E+00
  0.19207331E+02  0.15829759E+00
  0.19217330E+02  0.15767836E+00
  0.19227329E+02  0.15705951E+00
  0.19237329E+02  0.15644105E+00
  0.19247328E+02  0.15582299E+00
  0.19257328E+02  0.15520535E+00
  0.19267327E+02  0.15458815E+00
  0.19277327E+02  0.15397140E+00
  0.19287326E+02  0.15335511E+00
  0.19297326E+02  0.15273930E+00
  0.19307325E+02  0.15212399E+00
  0.19317324E+02  0.15150920E+00
  0.19327324E+02  0.15089494E+00
  0.19337323E+02  0.15028123E+00
  0.19347323E+02  0.14966810E+00
  0.19357322E+02  0.14905556E+00
  0.19367322E+02  0.14844363E+00
  0.19377321E+02  0.14783234E+00
  0.19387321E+02  0.14722172E+00
  0.19397320E+02  0.14661177E+00
  0.19407320E+02  0.14600254E+00
  0.19417319E+02  0.14539404E+00
  0.19427318E+02  0.14478631E+00
  0.19437318E+02  0.14417936E+00
  0.19447317E+02  0.14357323E+00
  0.19457317E+02  0.14296795E+00
  0.19467316E+02  0.14236355E+00
  0.19477316E+02  0.14176007E+00
  0.19487315E+02  0.14115752E+00
  0.19497315E+02  0.14055596E+00
  0.19507314E+02  0.13995541E+00
  0.19517313E+02  0.13935591E+00
  0.19527313E+02  0.13875750E+00
  0.19537312E+02  0.13816022E+00
  0.19547312E+02  0.13756411E+00
  0.19557311E+02  0.13696920E+00
  0.19567311E+02  0.13637556E+00
  0.19577310E+02  0.13578321E+00
  0.19587310E+02  0.13519220E+00
  0.19597309E+02  0.13460259E+00
  0.19607308E+02  0.13401441E+00
  0.19617308E+02  0.13342773E+00
  0.19627307E+02  0.13284259E+00
  0.19637307E+02  0.13225905E+00
  0.19647306E+02  0.13167717E+00
  0.19657306E+02  0.13109699E+00
  0.19667305E+02  0.13051858E+00
  0.19677305E+02  0.12994200E+00
  0.19687304E+02  0.12936731E+00
  0.19697304E+02  0.12879458E+00
  0.19707303E+02  0.12822387E+00
  0.19717302E+02  0.12765525E+00
  0.19727302E+02  0.12708879E+00
  0.19737301E+02  0.12652456E+00
  0.19747301E+02  0.12596263E+00
  0.19757300E+02  0.12540309E+00
  0.19767300E+02  0.12484601E+00
  0.19777299E+02  0.12429147E+00
  0.19787299E+02  0.12373956E+00
  0.19797298E+02  0.12319035E+00
  0.19807297E+02  0.12264394E+00
  0.19817297E+02  0.12210042E+00
  0.19827296E+02  0.12155988E+00
  0.19837296E+02  0.12102241E+00
  0.19847295E+02  0.12048811E+00
  0.19857295E+02  0.11995709E+00
  0.19867294E+02  0.11942944E+00
  0.19877294E+02  0.11890527E+00
  0.19887293E+02  0.11838469E+00
  0.19897293E+02  0.11786781E+00
  0.19907292E+02  0.11735474E+00
  0.19917291E+02  0.11684561E+00
  0.19927291E+02  0.11634052E+00
  0.19937290E+02  0.11583962E+00
  0.19947290E+02  0.11534301E+00
  0.19957289E+02  0.11485084E+00
  0.19967289E+02  0.11436323E+00
  0.19977288E+02  0.11388033E+00
  0.19987288E+02  0.11340227E+00
  0.19997287E+02  0.11292919E+00
  0.20007286E+02  0.11246125E+00
  0.20017286E+02  0.11199860E+00
  0.20027285E+02  0.11154139E+00
  0.20037285E+02  0.11108978E+00
  0.20047284E+02  0.11064393E+00
  0.20057284E+02  0.11020401E+00
  0.20067283E+02  0.10977019E+00
  0.20077283E+02  0.10934265E+00
  0.20087282E+02  0.10892157E+00
  0.20097282E+02  0.10850713E+00
  0.20107281E+02  0.10809953E+00
  0.20117280E+02  0.10769894E+00
  0.20127280E+02  0.10730558E+00
  0.20137279E+02  0.10691965E+00
  0.20147279E+02  0.10654134E+00
  0.20157278E+02  0.10617089E+00
  0.20167278E+02  0.10580850E+00
  0.20177277E+02  0.10545440E+00
  0.20187277E+02  0.10510881E+00
  0.20197276E+02  0.10477198E+00
  0.20207275E+02  0.10444413E+00
  0.20217275E+02  0.10412552E+00
  0.20227274E+02  0.10381640E+00
  0.20237274E+02  0.10351702E+00
  0.20247273E+02  0.10322764E+00
  0.20257273E+02  0.10294854E+00
  0.20267272E+02  0.10267999E+00
  0.20277272E+02  0.10242226E+00
  0.20287271E+02  0.10217565E+00
  0.20297271E+02  0.10194045E+00
  0.20307270E+02  0.10171696E+00
  0.20317269E+02  0.10150549E+00
  0.20327269E+02  0.10130634E+00
  0.20337268E+02  0.10111984E+00
  0.20347268E+02  0.10094632E+00
  0.20357267E+02  0.10078610E+00
  0.20367267E+02  0.10063953E+00
  0.20377266E+02  0.10050696E+00
  0.20387266E+02  0.10038873E+00
  0.20397265E+02  0.10028522E+00
  0.20407264E+02  0.10019679E+00
  0.20417264E+02  0.10012381E+00
  0.20427263E+02  0.10006667E+00
  0.20437263E+02  0.10002576E+00
  0.20447262E+02  0.10000147E+00
  0.20457262E+02  0.99994203E-01
  0.20467261E+02  0.10000438E+00
  0.20477261E+02  0.10003242E+00
  0.20487260E+02  0.10007873E+00
  0.20497260E+02  0.10014377E+00
  0.20507259E+02  0.10022795E+00
  0.20517258E+02  0.10033174E+00
  0.20527258E+02  0.10045558E+00
  0.20537257E+02  0.10059993E+00
  0.20547257E+02  0.10076526E+00
  0.20557256E+02  0.10095204E+00
  0.20567256E+02  0.10116075E+00
  0.20577255E+02  0.10139186E+00
  0.20587255E+02  0.10164587E+00
  0.20597254E+02  0.10192328E+00
  0.20607253E+02  0.10222458E+00
  0.20617253E+02  0.10255027E+00
  0.20627252E+02  0.10290087E+00
  0.20637252E+02  0.10327688E+00
  0.20647251E+02  0.10367883E+00
  0.20657251E+02  0.10410722E+00
  0.20667250E+02  0.10456259E+00
  0.20677250E+02  0.10504545E+00
  0.20687249E+02  0.10555633E+00
  0.20697249E+02  0.10609576E+00
  0.20707248E+02  0.10666426E+00
  0.20717247E+02  0.10726236E+00
  0.20727247E+02  0.10789059E+00
  0.20737246E+02  0.10854947E+00
  0.20747246E+02  0.10923952E+00
  0.20757245E+02  0.10996127E+00
  0.20767245E+02  0.11071523E+00
  0.20777244E+02  0.11150191E+00
  0.20787244E+02  0.11232181E+00
  0.20797243E+02  0.11317545E+00
  0.20807242E+02  0.11406331E+00
  0.20817242E+02  0.11498589E+00
  0.20827241E+02  0.11594365E+00
  0.20837241E+02  0.11693707E+00
  0.20847240E+02  0.11796659E+00
  0.20857240E+02  0.11903268E+00
  0.20867239E+02  0.12013575E+00
  0.20877239E+02  0.12127624E+00
  0.20887238E+02  0.12245453E+00
  0.20897238E+02  0.12367102E+00
  0.20907237E+02  0.12492607E+00
  0.20917236E+02  0.12622003E+00
  0.20927236E+02  0.12755324E+00
  0.20937235E+02  0.12892600E+00
  0.20947235E+02  0.13033859E+00
  0.20957234E+02  0.13179128E+00
  0.20967234E+02  0.13328430E+00
  0.20977233E+02  0.13481786E+00
  0.20987233E+02  0.13639213E+00
  0.20997232E+02  0.13800727E+00
  0.21007231E+02  0.13966338E+00
  0.21017231E+02  0.14136057E+00
  0.21027230E+02  0.14309887E+00
  0.21037230E+02  0.14487829E+00
  0.21047229E+02  0.14669883E+00
  0.21057229E+02  0.14856040E+00
  0.21067228E+02  0.15046291E+00
  0.21077228E+02  0.15240621E+00
  0.21087227E+02  0.15439011E+00
  0.21097227E+02  0.15641439E+00
  0.21107226E+02  0.15847876E+00
  0.21117225E+02  0.16058290E+00
  0.21127225E+02  0.16272645E+00
  0.21137224E+02  0.16490899E+00
  0.21147224E+02  0.16713005E+00
  0.21157223E+02  0.16938914E+00
  0.21167223E+02  0.17168569E+00
  0.21177222E+02  0.17401912E+00
  0.21187222E+02  0.17638878E+00
  0.21197221E+02  0.17879400E+00
  0.21207220E+02  0.18123408E+00
  0.21217220E+02  0.18370827E+00
  0.21227219E+02  0.18621583E+00
  0.21237219E+02  0.18875598E+00
  0.21247218E+02  0.19132799E+00
  0.21257218E+02  0.19393110E+00
  0.21267217E+02  0.19656462E+00
  0.21277217E+02  0.19922795E+00
  0.21287216E+02  0.20192059E+00
  0.21297216E+02  0.20464221E+00
  0.21307215E+02  0.20739276E+00
  0.21317214E+02  0.21017258E+00
  0.21327214E+02  0.21298258E+00
  0.21337213E+02  0.21582454E+00
  0.21347213E+02  0.21870152E+00
  0.21357212E+02  0.22161846E+00
  0.21367212E+02  0.22458309E+00
  0.21377211E+02  0.22760722E+00
  0.21387211E+02  0.23070849E+00
  0.21397210E+02  0.23391281E+00
  0.21407209E+02  0.23725757E+00
  0.21417209E+02  0.24079584E+00
  0.21427208E+02  0.24460161E+00
  0.21437208E+02  0.24877636E+00
  0.21447207E+02  0.25345749E+00
  0.21457207E+02  0.25882939E+00
  0.21467206E+02  0.26513880E+00
  0.21477206E+02  0.27271552E+00
  0.21487205E+02  0.28199665E+00
  0.21497205E+02  0.29355271E+00
  0.21507204E+02  0.30815843E+00
  0.21517203E+02  0.32712112E+00
  0.21527203E+02  0.35314535E+00
  0.21537202E+02  0.39101313E+00
  0.21547202E+02  0.57394498E+00
  0.21557201E+02  0.97931061E+00
  0.21567201E+02  0.59696234E+00
  0.21577200E+02  0.65502455E+00
  0.21587200E+02  0.66871305E+00
  0.21597199E+02  0.64041582E+00
  0.21607198E+02  0.59569976E+00
  0.21617198E+02  0.55787849E+00
  0.21627197E+02  0.53406314E+00
  0.21637197E+02  0.52036863E+00
  0.21647196E+02  0.51113957E+00
  0.21657196E+02  0.50303109E+00
  0.21667195E+02  0.49492229E+00
  0.21677195E+02  0.48674813E+00
  0.21687194E+02  0.47870159E+00
  0.21697194E+02  0.47093724E+00
  0.21707193E+02  0.46353413E+00
  0.21717192E+02  0.45653144E+00
  0.21727192E+02  0.44995821E+00
  0.21737191E+02  0.44384119E+00
  0.21747191E+02  0.43819922E+00
  0.21757190E+02  0.43303539E+00
  0.21767190E+02  0.42833412E+00
  0.21777189E+02  0.42406406E+00
  0.21787189E+02  0.42018473E+00
  0.21797188E+02  0.41665369E+00
  0.21807187E+02  0.41343203E+00
  0.21817187E+02  0.41048728E+00
  0.21827186E+02  0.40779386E+00
  0.21837186E+02  0.40533186E+00
  0.21847185E+02  0.40308509E+00
  0.21857185E+02  0.40103916E+00
  0.21867184E+02  0.39917991E+00
  0.21877184E+02  0.39749266E+00
  0.21887183E+02  0.39596185E+00
  0.21897183E+02  0.39457133E+00
  0.21907182E+02  0.39330474E+00
  0.21917181E+02  0.39214604E+00
  0.21927181E+02  0.39108002E+00
  0.21937180E+02  0.39009263E+00
  0.21947180E+02  0.38917119E+00
  0.21957179E+02  0.38830448E+00
  0.21967179E+02  0.38748272E+00
  0.21977178E+02  0.38669746E+00
  0.21987178E+02  0.38594144E+00
  0.21997177E+02  0.38520851E+00
  0.22007176E+02  0.38449342E+00
  0.22017176E+02  0.38379179E+00
  0.22027175E+02  0.38310000E+00
  0.22037175E+02  0.38241512E+00
  0.22047174E+02  0.38173491E+00
  0.22057174E+02  0.38105774E+00
  0.22067173E+02  0.38038262E+00
  0.22077173E+02  0.37970911E+00
  0.22087172E+02  0.37903735E+00
  0.22097172E+02  0.37836794E+00
  0.22107171E+02  0.37770197E+00
  0.22117170E+02  0.37704086E+00
  0.22127170E+02  0.37638641E+00
  0.22137169E+02  0.37574061E+00
  0.22147169E+02  0.37510564E+00
  0.22157168E+02  0.37448379E+00
  0.22167168E+02  0.37387736E+00
  0.22177167E+02  0.37328864E+00
  0.22187167E+02  0.37271980E+00
  0.22197166E+02  0.37217290E+00
  0.22207165E+02  0.37164982E+00
  0.22217165E+02  0.37115224E+00
  0.22227164E+02  0.37068160E+00
  0.22237164E+02  0.37023912E+00
  0.22247163E+02  0.36982578E+00
  0.22257163E+02  0.36944231E+00
  0.22267162E+02  0.36908921E+00
  0.22277162E+02  0.36876677E+00
  0.22287161E+02  0.36847507E+00
  0.22297160E+02  0.36821400E+00
  0.22307160E+02  0.36798330E+00
  0.22317159E+02  0.36778254E+00
  0.22327159E+02  0.36761119E+00
  0.22337158E+02  0.36746862E+00
  0.22347158E+02  0.36735409E+00
  0.22357157E+02  0.36726684E+00
  0.22367157E+02  0.36720603E+00
  0.22377156E+02  0.36717080E+00
  0.22387156E+02  0.36716028E+00
  0.22397155E+02  0.36717360E+00
  0.22407154E+02  0.36720988E+00
  0.22417154E+02  0.36726825E+00
  0.22427153E+02  0.36734789E+00
  0.22437153E+02  0.36744796E+00
  0.22447152E+02  0.36756767E+00
  0.22457152E+02  0.36770627E+00
  0.22467151E+02  0.36786301E+00
  0.22477151E+02  0.36803718E+00
  0.22487150E+02  0.36822812E+00
  0.22497149E+02  0.36843519E+00
  0.22507149E+02  0.36865776E+00
  0.22517148E+02  0.36889529E+00
  0.22527148E+02  0.36914723E+00
  0.22537147E+02  0.36941312E+00
  0.22547147E+02  0.36969254E+00
  0.22557146E+02  0.36998514E+00
  0.22567146E+02  0.37029068E+00
  0.22577145E+02  0.37060903E+00
  0.22587145E+02  0.37094018E+00
  0.22597144E+02  0.37128432E+00
  0.22607143E+02  0.37164181E+00
  0.22617143E+02  0.37201326E+00
  0.22627142E+02  0.37239950E+00
  0.22637142E+02  0.37280169E+00
  0.22647141E+02  0.37322122E+00
  0.22657141E+02  0.37365977E+00
  0.22667140E+02  0.37411927E+00
  0.22677140E+02  0.37460181E+00
  0.22687139E+02  0.37510955E+00
  0.22697138E+02  0.37564462E+00
  0.22707138E+02  0.37620891E+00
  0.22717137E+02  0.37680392E+00
  0.22727137E+02  0.37743052E+00
  0.22737136E+02  0.37808873E+00
  0.22747136E+02  0.37877749E+00
  0.22757135E+02  0.37949453E+00
  0.22767135E+02  0.38023619E+00
  0.22777134E+02  0.38099738E+00
  0.22787134E+02  0.38177159E+00
  0.22797133E+02  0.38255106E+00
  0.22807132E+02  0.38332701E+00
  0.22817132E+02  0.38408994E+00
  0.22827131E+02  0.38483011E+00
  0.22837131E+02  0.38553800E+00
  0.22847130E+02  0.38620488E+00
  0.22857130E+02  0.38682335E+00
  0.22867129E+02  0.38738800E+00
  0.22877129E+02  0.38789617E+00
  0.22887128E+02  0.38834898E+00
  0.22897127E+02  0.38875293E+00
  0.22907127E+02  0.38912219E+00
  0.22917126E+02  0.38948167E+00
  0.22927126E+02  0.38987040E+00
  0.22937125E+02  0.39034347E+00
  0.22947125E+02  0.39096998E+00
  0.22957124E+02  0.39182353E+00
  0.22967124E+02  0.39296319E+00
  0.22977123E+02  0.39440665E+00
  0.22987123E+02  0.39610302E+00
  0.22997122E+02  0.39791843E+00
  0.23007121E+02  0.39964693E+00
  0.23017121E+02  0.40105254E+00
  0.23027120E+02  0.40193366E+00
  0.23037120E+02  0.40219013E+00
  0.23047119E+02  0.40187259E+00
  0.23057119E+02  0.40121119E+00
  0.23067118E+02  0.45184141E+00
  0.23077118E+02  0.45199273E+00
  0.23087117E+02  0.40234107E+00
  0.23097116E+02  0.48230931E+00
  0.23107116E+02  0.43501237E+00
  0.23117115E+02  0.43781637E+00
  0.23127115E+02  0.41239585E+00
  0.23137114E+02  0.41008701E+00
  0.23147114E+02  0.40686696E+00
  0.23157113E+02  0.40430204E+00
  0.23167113E+02  0.40294604E+00
  0.23177112E+02  0.40251022E+00
  0.23187112E+02  0.40249395E+00
  0.23197111E+02  0.40255089E+00
  0.23207110E+02  0.40252613E+00
  0.23217110E+02  0.40237915E+00
  0.23227109E+02  0.40212010E+00
  0.23237109E+02  0.40177824E+00
  0.23247108E+02  0.40138834E+00
  0.23257108E+02  0.40098430E+00
  0.23267107E+02  0.40059547E+00
  0.23277107E+02  0.40024459E+00
  0.23287106E+02  0.39994685E+00
  0.23297105E+02  0.39971001E+00
  0.23307105E+02  0.39953538E+00
  0.23317104E+02  0.39941924E+00
  0.23327104E+02  0.39935447E+00
  0.23337103E+02  0.39933210E+00
  0.23347103E+02  0.39934265E+00
  0.23357102E+02  0.39937704E+00
  0.23367102E+02  0.39942729E+00
  0.23377101E+02  0.39948674E+00
  0.23387101E+02  0.39955018E+00
  0.23397100E+02  0.39961371E+00
  0.23407099E+02  0.39967455E+00
  0.23417099E+02  0.39973086E+00
  0.23427098E+02  0.39978147E+00
  0.23437098E+02  0.39982572E+00
  0.23447097E+02  0.39986331E+00
  0.23457097E+02  0.39989417E+00
  0.23467096E+02  0.39991841E+00
  0.23477096E+02  0.39993621E+00
  0.23487095E+02  0.39994782E+00
  0.23497094E+02  0.39995351E+00
  0.23507094E+02  0.39995361E+00
  0.23517093E+02  0.39994841E+00
  0.23527093E+02  0.39993823E+00
  0.23537092E+02  0.39992340E+00
  0.23547092E+02  0.39990422E+00
  0.23557091E+02  0.39988100E+00
  0.23567091E+02  0.39985404E+00
  0.23577090E+02  0.39982364E+00
  0.23587090E+02  0.39979008E+00
  0.23597089E+02  0.39975362E+00
  0.23607088E+02  0.39971455E+00
  0.23617088E+02  0.39967310E+00
  0.23627087E+02  0.39962952E+00
  0.23637087E+02  0.39958403E+00
  0.23647086E+02  0.39953684E+00
  0.23657086E+02  0.39948815E+00
  0.23667085E+02  0.39943814E+00
  0.23677085E+02  0.39938698E+00
  0.23687084E+02  0.39933482E+00
  0.23697083E+02  0.39928180E+00
  0.23707083E+02  0.39922804E+00
  0.23717082E+02  0.39917363E+00
  0.23727082E+02  0.39911869E+00
  0.23737081E+02  0.39906327E+00
  0.23747081E+02  0.39900745E+00
  0.23757080E+02  0.39895126E+00
  0.23767080E+02  0.39889475E+00
  0.23777079E+02  0.39883794E+00
  0.23787079E+02  0.39878083E+00
  0.23797078E+02  0.39872342E+00
  0.23807077E+02  0.39866570E+00
  0.23817077E+02  0.39860764E+00
  0.23827076E+02  0.39854922E+00
  0.23837076E+02  0.39849038E+00
  0.23847075E+02  0.39843110E+00
  0.23857075E+02  0.39837130E+00
  0.23867074E+02  0.39831093E+00
  0.23877074E+02  0.39824993E+00
  0.23887073E+02  0.39818822E+00
  0.23897072E+02  0.39812575E+00
  0.23907072E+02  0.39806242E+00
  0.23917071E+02  0.39799818E+00
  0.23927071E+02  0.39793295E+00
  0.23937070E+02  0.39786666E+00
  0.23947070E+02  0.39779923E+00
  0.23957069E+02  0.39773060E+00
  0.23967069E+02  0.39766070E+00
  0.23977068E+02  0.39758947E+00
  0.23987068E+02  0.39751686E+00
  0.23997067E+02  0.39744280E+00
  0.24007066E+02  0.39736725E+00
  0.24017066E+02  0.39729018E+00
  0.24027065E+02  0.39721153E+00
  0.24037065E+02  0.39713128E+00
  0.24047064E+02  0.39704941E+00
  0.24057064E+02  0.39696589E+00
  0.24067063E+02  0.39688071E+00
  0.24077063E+02  0.39679387E+00
  0.24087062E+02  0.39670536E+00
  0.24097061E+02  0.39661520E+00
  0.24107061E+02  0.39652338E+00
  0.24117060E+02  0.39642993E+00
  0.24127060E+02  0.39633488E+00
  0.24137059E+02  0.39623824E+00
  0.24147059E+02  0.39614004E+00
  0.24157058E+02  0.39604033E+00
  0.24167058E+02  0.39593914E+00
  0.24177057E+02  0.39583652E+00
  0.24187057E+02  0.39573250E+00
  0.24197056E+02  0.39562714E+00
  0.24207055E+02  0.39552048E+00
  0.24217055E+02  0.39541258E+00
  0.24227054E+02  0.39530349E+00
  0.24237054E+02  0.39519325E+00
  0.24247053E+02  0.39508192E+00
  0.24257053E+02  0.39496955E+00
  0.24267052E+02  0.39485619E+00
  0.24277052E+02  0.39474189E+00
  0.24287051E+02  0.39462669E+00
  0.24297050E+02  0.39451065E+00
  0.24307050E+02  0.39439379E+00
  0.24317049E+02  0.39427617E+00
  0.24327049E+02  0.39415782E+00
  0.24337048E+02  0.39403876E+00
  0.24347048E+02  0.39391904E+00
  0.24357047E+02  0.39379868E+00
  0.24367047E+02  0.39367769E+00
  0.24377046E+02  0.39355611E+00
  0.24387046E+02  0.39343394E+00
  0.24397045E+02  0.39331120E+00
  0.24407044E+02  0.39318789E+00
  0.24417044E+02  0.39306402E+00
  0.24427043E+02  0.39293959E+00
  0.24437043E+02  0.39281460E+00
  0.24447042E+02  0.39268903E+00
  0.24457042E+02  0.39256288E+00
  0.24467041E+02  0.39243613E+00
  0.24477041E+02  0.39230877E+00
  0.24487040E+02  0.39218078E+00
  0.24497039E+02  0.39205213E+00
  0.24507039E+02  0.39192281E+00
  0.24517038E+02  0.39179279E+00
  0.24527038E+02  0.39166203E+00
  0.24537037E+02  0.39153050E+00
  0.24547037E+02  0.39139819E+00
  0.24557036E+02  0.39126504E+00
  0.24567036E+02  0.39113104E+00
  0.24577035E+02  0.39099614E+00
  0.24587035E+02  0.39086030E+00
  0.24597034E+02  0.39072350E+00
  0.24607033E+02  0.39058570E+00
  0.24617033E+02  0.39044686E+00
  0.24627032E+02  0.39030695E+00
  0.24637032E+02  0.39016592E+00
  0.24647031E+02  0.39002375E+00
  0.24657031E+02  0.38988041E+00
  0.24667030E+02  0.38973585E+00
  0.24677030E+02  0.38959006E+00
  0.24687029E+02  0.38944299E+00
  0.24697028E+02  0.38929461E+00
  0.24707028E+02  0.38914491E+00
  0.24717027E+02  0.38899385E+00
  0.24727027E+02  0.38884142E+00
  0.24737026E+02  0.38868757E+00
  0.24747026E+02  0.38853230E+00
  0.24757025E+02  0.38837558E+00
  0.24767025E+02  0.38821740E+00
  0.24777024E+02  0.38805773E+00
  0.24787024E+02  0.38789657E+00
  0.24797023E+02  0.38773389E+00
  0.24807022E+02  0.38756970E+00
  0.24817022E+02  0.38740397E+00
  0.24827021E+02  0.38723671E+00
  0.24837021E+02  0.38706790E+00
  0.24847020E+02  0.38689754E+00
  0.24857020E+02  0.38672563E+00
  0.24867019E+02  0.38655216E+00
  0.24877019E+02  0.38637714E+00
  0.24887018E+02  0.38620058E+00
  0.24897017E+02  0.38602246E+00
  0.24907017E+02  0.38584280E+00
  0.24917016E+02  0.38566161E+00
  0.24927016E+02  0.38547889E+00
  0.24937015E+02  0.38529465E+00
  0.24947015E+02  0.38510891E+00
  0.24957014E+02  0.38492167E+00
  0.24967014E+02  0.38473294E+00
  0.24977013E+02  0.38454275E+00
  0.24987013E+02  0.38435110E+00
  0.24997012E+02  0.38415802E+00
  0.25007011E+02  0.38396352E+00
  0.25017011E+02  0.38376761E+00
  0.25027010E+02  0.38357032E+00
  0.25037010E+02  0.38337167E+00
  0.25047009E+02  0.38317168E+00
  0.25057009E+02  0.38297037E+00
  0.25067008E+02  0.38276776E+00
  0.25077008E+02  0.38256387E+00
  0.25087007E+02  0.38235873E+00
  0.25097006E+02  0.38215236E+00
  0.25107006E+02  0.38194479E+00
  0.25117005E+02  0.38173604E+00
  0.25127005E+02  0.38152613E+00
  0.25137004E+02  0.38131509E+00
  0.25147004E+02  0.38110295E+00
  0.25157003E+02  0.38088974E+00
  0.25167003E+02  0.38067547E+00
  0.25177002E+02  0.38046018E+00
  0.25187001E+02  0.38024389E+00
  0.25197001E+02  0.38002663E+00
  0.25207000E+02  0.37980842E+00
  0.25217000E+02  0.37958930E+00
  0.25226999E+02  0.37936929E+00
  0.25236999E+02  0.37914841E+00
  0.25246998E+02  0.37892670E+00
  0.25256998E+02  0.37870417E+00
  0.25266997E+02  0.37848086E+00
  0.25276997E+02  0.37825679E+00
  0.25286996E+02  0.37803199E+00
  0.25296995E+02  0.37780648E+00
  0.25306995E+02  0.37758029E+00
  0.25316994E+02  0.37735344E+00
  0.25326994E+02  0.37712596E+00
  0.25336993E+02  0.37689787E+00
  0.25346993E+02  0.37666919E+00
  0.25356992E+02  0.37643995E+00
  0.25366992E+02  0.37621017E+00
  0.25376991E+02  0.37597988E+00
  0.25386990E+02  0.37574909E+00
  0.25396990E+02  0.37551782E+00
  0.25406989E+02  0.37528610E+00
  0.25416989E+02  0.37505394E+00
  0.25426988E+02  0.37482137E+00
  0.25436988E+02  0.37458839E+00
  0.25446987E+02  0.37435504E+00
  0.25456987E+02  0.37412132E+00
  0.25466986E+02  0.37388726E+00
  0.25476986E+02  0.37365286E+00
  0.25486985E+02  0.37341814E+00
  0.25496984E+02  0.37318312E+00
  0.25506984E+02  0.37294780E+00
  0.25516983E+02  0.37271221E+00
  0.25526983E+02  0.37247634E+00
  0.25536982E+02  0.37224022E+00
  0.25546982E+02  0.37200384E+00
  0.25556981E+02  0.37176723E+00
  0.25566981E+02  0.37153037E+00
  0.25576980E+02  0.37129329E+00
  0.25586979E+02  0.37105599E+00
  0.25596979E+02  0.37081847E+00
  0.25606978E+02  0.37058073E+00
  0.25616978E+02  0.37034279E+00
  0.25626977E+02  0.37010463E+00
  0.25636977E+02  0.36986627E+00
  0.25646976E+02  0.36962769E+00
  0.25656976E+02  0.36938891E+00
  0.25666975E+02  0.36914991E+00
  0.25676975E+02  0.36891071E+00
  0.25686974E+02  0.36867128E+00
  0.25696973E+02  0.36843163E+00
  0.25706973E+02  0.36819175E+00
  0.25716972E+02  0.36795165E+00
  0.25726972E+02  0.36771130E+00
  0.25736971E+02  0.36747070E+00
  0.25746971E+02  0.36722984E+00
  0.25756970E+02  0.36698872E+00
  0.25766970E+02  0.36674732E+00
  0.25776969E+02  0.36650564E+00
  0.25786968E+02  0.36626365E+00
  0.25796968E+02  0.36602136E+00
  0.25806967E+02  0.36577874E+00
  0.25816967E+02  0.36553578E+00
  0.25826966E+02  0.36529247E+00
  0.25836966E+02  0.36504880E+00
  0.25846965E+02  0.36480474E+00
  0.25856965E+02  0.36456029E+00
  0.25866964E+02  0.36431542E+00
  0.25876964E+02  0.36407013E+00
  0.25886963E+02  0.36382438E+00
  0.25896962E+02  0.36357818E+00
  0.25906962E+02  0.36333149E+00
  0.25916961E+02  0.36308430E+00
  0.25926961E+02  0.36283659E+00
  0.25936960E+02  0.36258835E+00
  0.25946960E+02  0.36233955E+00
  0.25956959E+02  0.36209018E+00
  0.25966959E+02  0.36184022E+00
  0.25976958E+02  0.36158965E+00
  0.25986957E+02  0.36133845E+00
  0.25996957E+02  0.36108660E+00
  0.26006956E+02  0.36083408E+00
  0.26016956E+02  0.36058088E+00
  0.26026955E+02  0.36032697E+00
  0.26036955E+02  0.36007235E+00
  0.26046954E+02  0.35981698E+00
  0.26056954E+02  0.35956086E+00
  0.26066953E+02  0.35930397E+00
  0.26076953E+02  0.35904629E+00
  0.26086952E+02  0.35878780E+00
  0.26096951E+02  0.35852849E+00
  0.26106951E+02  0.35826834E+00
  0.26116950E+02  0.35800735E+00
  0.26126950E+02  0.35774548E+00
  0.26136949E+02  0.35748274E+00
  0.26146949E+02  0.35721911E+00
  0.26156948E+02  0.35695458E+00
  0.26166948E+02  0.35668913E+00
  0.26176947E+02  0.35642276E+00
  0.26186946E+02  0.35615545E+00
  0.26196946E+02  0.35588721E+00
  0.26206945E+02  0.35561801E+00
  0.26216945E+02  0.35534786E+00
  0.26226944E+02  0.35507675E+00
  0.26236944E+02  0.35480467E+00
  0.26246943E+02  0.35453163E+00
  0.26256943E+02  0.35425761E+00
  0.26266942E+02  0.35398261E+00
  0.26276942E+02  0.35370665E+00
  0.26286941E+02  0.35342971E+00
  0.26296940E+02  0.35315180E+00
  0.26306940E+02  0.35287292E+00
  0.26316939E+02  0.35259308E+00
  0.26326939E+02  0.35231228E+00
  0.26336938E+02  0.35203053E+00
  0.26346938E+02  0.35174784E+00
  0.26356937E+02  0.35146421E+00
  0.26366937E+02  0.35117967E+00
  0.26376936E+02  0.35089421E+00
  0.26386935E+02  0.35060785E+00
  0.26396935E+02  0.35032061E+00
  0.26406934E+02  0.35003250E+00
  0.26416934E+02  0.34974354E+00
  0.26426933E+02  0.34945375E+00
  0.26436933E+02  0.34916314E+00
  0.26446932E+02  0.34887175E+00
  0.26456932E+02  0.34857958E+00
  0.26466931E+02  0.34828666E+00
  0.26476931E+02  0.34799302E+00
  0.26486930E+02  0.34769868E+00
  0.26496929E+02  0.34740367E+00
  0.26506929E+02  0.34710802E+00
  0.26516928E+02  0.34681175E+00
  0.26526928E+02  0.34651489E+00
  0.26536927E+02  0.34621749E+00
  0.26546927E+02  0.34591956E+00
  0.26556926E+02  0.34562114E+00
  0.26566926E+02  0.34532227E+00
  0.26576925E+02  0.34502298E+00
  0.26586924E+02  0.34472331E+00
  0.26596924E+02  0.34442329E+00
  0.26606923E+02  0.34412296E+00
  0.26616923E+02  0.34382236E+00
  0.26626922E+02  0.34352153E+00
  0.26636922E+02  0.34322051E+00
  0.26646921E+02  0.34291933E+00
  0.26656921E+02  0.34261805E+00
  0.26666920E+02  0.34231670E+00
  0.26676920E+02  0.34201532E+00
  0.26686919E+02  0.34171396E+00
  0.26696918E+02  0.34141266E+00
  0.26706918E+02  0.34111147E+00
  0.26716917E+02  0.34081041E+00
  0.26726917E+02  0.34050955E+00
  0.26736916E+02  0.34020893E+00
  0.26746916E+02  0.33990858E+00
  0.26756915E+02  0.33960855E+00
  0.26766915E+02  0.33930889E+00
  0.26776914E+02  0.33900964E+00
  0.26786913E+02  0.33871085E+00
  0.26796913E+02  0.33841255E+00
  0.26806912E+02  0.33811480E+00
  0.26816912E+02  0.33781763E+00
  0.26826911E+02  0.33752109E+00
  0.26836911E+02  0.33722522E+00
  0.26846910E+02  0.33693006E+00
  0.26856910E+02  0.33663565E+00
  0.26866909E+02  0.33634204E+00
  0.26876909E+02  0.33604926E+00
  0.26886908E+02  0.33575736E+00
  0.26896907E+02  0.33546636E+00
  0.26906907E+02  0.33517632E+00
  0.26916906E+02  0.33488726E+00
  0.26926906E+02  0.33459923E+00
  0.26936905E+02  0.33431225E+00
  0.26946905E+02  0.33402636E+00
  0.26956904E+02  0.33374159E+00
  0.26966904E+02  0.33345798E+00
  0.26976903E+02  0.33317555E+00
  0.26986902E+02  0.33289433E+00
  0.26996902E+02  0.33261436E+00
  0.27006901E+02  0.33233565E+00
  0.27016901E+02  0.33205823E+00
  0.27026900E+02  0.33178213E+00
  0.27036900E+02  0.33150736E+00
  0.27046899E+02  0.33123395E+00
  0.27056899E+02  0.33096191E+00
  0.27066898E+02  0.33069127E+00
  0.27076898E+02  0.33042203E+00
  0.27086897E+02  0.33015421E+00
  0.27096896E+02  0.32988783E+00
  0.27106896E+02  0.32962289E+00
  0.27116895E+02  0.32935940E+00
  0.27126895E+02  0.32909736E+00
  0.27136894E+02  0.32883679E+00
  0.27146894E+02  0.32857769E+00
  0.27156893E+02  0.32832005E+00
  0.27166893E+02  0.32806388E+00
  0.27176892E+02  0.32780917E+00
  0.27186891E+02  0.32755592E+00
  0.27196891E+02  0.32730413E+00
  0.27206890E+02  0.32705378E+00
  0.27216890E+02  0.32680486E+00
  0.27226889E+02  0.32655737E+00
  0.27236889E+02  0.32631128E+00
  0.27246888E+02  0.32606660E+00
  0.27256888E+02  0.32582328E+00
  0.27266887E+02  0.32558133E+00
  0.27276887E+02  0.32534071E+00
  0.27286886E+02  0.32510140E+00
  0.27296885E+02  0.32486339E+00
  0.27306885E+02  0.32462663E+00
  0.27316884E+02  0.32439112E+00
  0.27326884E+02  0.32415680E+00
  0.27336883E+02  0.32392366E+00
  0.27346883E+02  0.32369167E+00
  0.27356882E+02  0.32346078E+00
  0.27366882E+02  0.32323095E+00
  0.27376881E+02  0.32300217E+00
  0.27386880E+02  0.32277437E+00
  0.27396880E+02  0.32254753E+00
  0.27406879E+02  0.32232161E+00
  0.27416879E+02  0.32209655E+00
  0.27426878E+02  0.32187231E+00
  0.27436878E+02  0.32164886E+00
  0.27446877E+02  0.32142614E+00
  0.27456877E+02  0.32120410E+00
  0.27466876E+02  0.32098270E+00
  0.27476876E+02  0.32076189E+00
  0.27486875E+02  0.32054161E+00
  0.27496874E+02  0.32032182E+00
  0.27506874E+02  0.32010246E+00
  0.27516873E+02  0.31988348E+00
  0.27526873E+02  0.31966483E+00
  0.27536872E+02  0.31944645E+00
  0.27546872E+02  0.31922829E+00
  0.27556871E+02  0.31901029E+00
  0.27566871E+02  0.31879240E+00
  0.27576870E+02  0.31857456E+00
  0.27586869E+02  0.31835672E+00
  0.27596869E+02  0.31813882E+00
  0.27606868E+02  0.31792081E+00
  0.27616868E+02  0.31770263E+00
  0.27626867E+02  0.31748422E+00
  0.27636867E+02  0.31726552E+00
  0.27646866E+02  0.31704650E+00
  0.27656866E+02  0.31682708E+00
  0.27666865E+02  0.31660721E+00
  0.27676865E+02  0.31638685E+00
  0.27686864E+02  0.31616593E+00
  0.27696863E+02  0.31594441E+00
  0.27706863E+02  0.31572223E+00
  0.27716862E+02  0.31549934E+00
  0.27726862E+02  0.31527570E+00
  0.27736861E+02  0.31505124E+00
  0.27746861E+02  0.31482593E+00
  0.27756860E+02  0.31459971E+00
  0.27766860E+02  0.31437255E+00
  0.27776859E+02  0.31414439E+00
  0.27786858E+02  0.31391520E+00
  0.27796858E+02  0.31368492E+00
  0.27806857E+02  0.31345352E+00
  0.27816857E+02  0.31322097E+00
  0.27826856E+02  0.31298721E+00
  0.27836856E+02  0.31275222E+00
  0.27846855E+02  0.31251597E+00
  0.27856855E+02  0.31227841E+00
  0.27866854E+02  0.31203953E+00
  0.27876853E+02  0.31179928E+00
  0.27886853E+02  0.31155765E+00
  0.27896852E+02  0.31131460E+00
  0.27906852E+02  0.31107012E+00
  0.27916851E+02  0.31082418E+00
  0.27926851E+02  0.31057676E+00
  0.27936850E+02  0.31032785E+00
  0.27946850E+02  0.31007743E+00
  0.27956849E+02  0.30982549E+00
  0.27966849E+02  0.30957202E+00
  0.27976848E+02  0.30931701E+00
  0.27986847E+02  0.30906045E+00
  0.27996847E+02  0.30880235E+00
  0.28006846E+02  0.30854269E+00
  0.28016846E+02  0.30828148E+00
  0.28026845E+02  0.30801872E+00
  0.28036845E+02  0.30775442E+00
  0.28046844E+02  0.30748858E+00
  0.28056844E+02  0.30722122E+00
  0.28066843E+02  0.30695235E+00
  0.28076842E+02  0.30668197E+00
  0.28086842E+02  0.30641012E+00
  0.28096841E+02  0.30613681E+00
  0.28106841E+02  0.30586205E+00
  0.28116840E+02  0.30558588E+00
  0.28126840E+02  0.30530832E+00
  0.28136839E+02  0.30502939E+00
  0.28146839E+02  0.30474914E+00
  0.28156838E+02  0.30446759E+00
  0.28166838E+02  0.30418478E+00
  0.28176837E+02  0.30390074E+00
  0.28186836E+02  0.30361551E+00
  0.28196836E+02  0.30332914E+00
  0.28206835E+02  0.30304168E+00
  0.28216835E+02  0.30275315E+00
  0.28226834E+02  0.30246362E+00
  0.28236834E+02  0.30217313E+00
  0.28246833E+02  0.30188174E+00
  0.28256833E+02  0.30158949E+00
  0.28266832E+02  0.30129645E+00
  0.28276831E+02  0.30100267E+00
  0.28286831E+02  0.30070820E+00
  0.28296830E+02  0.30041311E+00
  0.28306830E+02  0.30011746E+00
  0.28316829E+02  0.29982132E+00
  0.28326829E+02  0.29952474E+00
  0.28336828E+02  0.29922780E+00
  0.28346828E+02  0.29893056E+00
  0.28356827E+02  0.29863309E+00
  0.28366827E+02  0.29833545E+00
  0.28376826E+02  0.29803773E+00
  0.28386825E+02  0.29773999E+00
  0.28396825E+02  0.29744230E+00
  0.28406824E+02  0.29714474E+00
  0.28416824E+02  0.29684738E+00
  0.28426823E+02  0.29655030E+00
  0.28436823E+02  0.29625358E+00
  0.28446822E+02  0.29595728E+00
  0.28456822E+02  0.29566148E+00
  0.28466821E+02  0.29536627E+00
  0.28476820E+02  0.29507171E+00
  0.28486820E+02  0.29477789E+00
  0.28496819E+02  0.29448489E+00
  0.28506819E+02  0.29419277E+00
  0.28516818E+02  0.29390163E+00
  0.28526818E+02  0.29361152E+00
  0.28536817E+02  0.29332254E+00
  0.28546817E+02  0.29303476E+00
  0.28556816E+02  0.29274825E+00
  0.28566816E+02  0.29246309E+00
  0.28576815E+02  0.29217935E+00
  0.28586814E+02  0.29189711E+00
  0.28596814E+02  0.29161645E+00
  0.28606813E+02  0.29133743E+00
  0.28616813E+02  0.29106012E+00
  0.28626812E+02  0.29078460E+00
  0.28636812E+02  0.29051093E+00
  0.28646811E+02  0.29023919E+00
  0.28656811E+02  0.28996944E+00
  0.28666810E+02  0.28970174E+00
  0.28676809E+02  0.28943616E+00
  0.28686809E+02  0.28917277E+00
  0.28696808E+02  0.28891162E+00
  0.28706808E+02  0.28865277E+00
  0.28716807E+02  0.28839628E+00
  0.28726807E+02  0.28814221E+00
  0.28736806E+02  0.28789060E+00
  0.28746806E+02  0.28764152E+00
  0.28756805E+02  0.28739501E+00
  0.28766805E+02  0.28715112E+00
  0.28776804E+02  0.28690989E+00
  0.28786803E+02  0.28667137E+00
  0.28796803E+02  0.28643559E+00
  0.28806802E+02  0.28620261E+00
  0.28816802E+02  0.28597245E+00
  0.28826801E+02  0.28574515E+00
  0.28836801E+02  0.28552073E+00
  0.28846800E+02  0.28529924E+00
  0.28856800E+02  0.28508069E+00
  0.28866799E+02  0.28486511E+00
  0.28876798E+02  0.28465253E+00
  0.28886798E+02  0.28444295E+00
  0.28896797E+02  0.28423640E+00
  0.28906797E+02  0.28403289E+00
  0.28916796E+02  0.28383242E+00
  0.28926796E+02  0.28363502E+00
  0.28936795E+02  0.28344067E+00
  0.28946795E+02  0.28324940E+00
  0.28956794E+02  0.28306118E+00
  0.28966794E+02  0.28287603E+00
  0.28976793E+02  0.28269394E+00
  0.28986792E+02  0.28251489E+00
  0.28996792E+02  0.28233887E+00
  0.29006791E+02  0.28216588E+00
  0.29016791E+02  0.28199589E+00
  0.29026790E+02  0.28182888E+00
  0.29036790E+02  0.28166483E+00
  0.29046789E+02  0.28150372E+00
  0.29056789E+02  0.28134551E+00
  0.29066788E+02  0.28119018E+00
  0.29076787E+02  0.28103769E+00
  0.29086787E+02  0.28088801E+00
  0.29096786E+02  0.28074109E+00
  0.29106786E+02  0.28059690E+00
  0.29116785E+02  0.28045539E+00
  0.29126785E+02  0.28031651E+00
  0.29136784E+02  0.28018022E+00
  0.29146784E+02  0.28004646E+00
  0.29156783E+02  0.27991518E+00
  0.29166783E+02  0.27978632E+00
  0.29176782E+02  0.27965983E+00
  0.29186781E+02  0.27953564E+00
  0.29196781E+02  0.27941369E+00
  0.29206780E+02  0.27929392E+00
  0.29216780E+02  0.27917626E+00
  0.29226779E+02  0.27906064E+00
  0.29236779E+02  0.27894699E+00
  0.29246778E+02  0.27883523E+00
  0.29256778E+02  0.27872530E+00
  0.29266777E+02  0.27861712E+00
  0.29276776E+02  0.27851061E+00
  0.29286776E+02  0.27840568E+00
  0.29296775E+02  0.27830227E+00
  0.29306775E+02  0.27820029E+00
  0.29316774E+02  0.27809965E+00
  0.29326774E+02  0.27800027E+00
  0.29336773E+02  0.27790207E+00
  0.29346773E+02  0.27780497E+00
  0.29356772E+02  0.27770886E+00
  0.29366772E+02  0.27761367E+00
  0.29376771E+02  0.27751931E+00
  0.29386770E+02  0.27742569E+00
  0.29396770E+02  0.27733272E+00
  0.29406769E+02  0.27724031E+00
  0.29416769E+02  0.27714837E+00
  0.29426768E+02  0.27705680E+00
  0.29436768E+02  0.27696553E+00
  0.29446767E+02  0.27687445E+00
  0.29456767E+02  0.27678349E+00
  0.29466766E+02  0.27669254E+00
  0.29476765E+02  0.27660152E+00
  0.29486765E+02  0.27651035E+00
  0.29496764E+02  0.27641892E+00
  0.29506764E+02  0.27632716E+00
  0.29516763E+02  0.27623497E+00
  0.29526763E+02  0.27614227E+00
  0.29536762E+02  0.27604898E+00
  0.29546762E+02  0.27595501E+00
  0.29556761E+02  0.27586027E+00
  0.29566761E+02  0.27576469E+00
  0.29576760E+02  0.27566818E+00
  0.29586759E+02  0.27557067E+00
  0.29596759E+02  0.27547207E+00
  0.29606758E+02  0.27537231E+00
  0.29616758E+02  0.27527132E+00
  0.29626757E+02  0.27516902E+00
  0.29636757E+02  0.27506534E+00
  0.29646756E+02  0.27496021E+00
  0.29656756E+02  0.27485357E+00
  0.29666755E+02  0.27474535E+00
  0.29676754E+02  0.27463549E+00
  0.29686754E+02  0.27452393E+00
  0.29696753E+02  0.27441061E+00
  0.29706753E+02  0.27429547E+00
  0.29716752E+02  0.27417847E+00
  0.29726752E+02  0.27405955E+00
  0.29736751E+02  0.27393866E+00
  0.29746751E+02  0.27381576E+00
  0.29756750E+02  0.27369081E+00
  0.29766750E+02  0.27356376E+00
  0.29776749E+02  0.27343458E+00
  0.29786748E+02  0.27330325E+00
  0.29796748E+02  0.27316971E+00
  0.29806747E+02  0.27303396E+00
  0.29816747E+02  0.27289596E+00
  0.29826746E+02  0.27275569E+00
  0.29836746E+02  0.27261314E+00
  0.29846745E+02  0.27246828E+00
  0.29856745E+02  0.27232112E+00
  0.29866744E+02  0.27217163E+00
  0.29876743E+02  0.27201981E+00
  0.29886743E+02  0.27186567E+00
  0.29896742E+02  0.27170919E+00
  0.29906742E+02  0.27155039E+00
  0.29916741E+02  0.27138928E+00
  0.29926741E+02  0.27122586E+00
  0.29936740E+02  0.27106014E+00
  0.29946740E+02  0.27089216E+00
  0.29956739E+02  0.27072192E+00
  0.29966739E+02  0.27054945E+00
  0.29976738E+02  0.27037478E+00
  0.29986737E+02  0.27019794E+00
  0.29996737E+02  0.27001897E+00
  0.30006736E+02  0.26983789E+00
  0.30016736E+02  0.26965476E+00
  0.30026735E+02  0.26946961E+00
  0.30036735E+02  0.26928249E+00
  0.30046734E+02  0.26909346E+00
  0.30056734E+02  0.26890255E+00
  0.30066733E+02  0.26870984E+00
  0.30076732E+02  0.26851538E+00
  0.30086732E+02  0.26831922E+00
  0.30096731E+02  0.26812144E+00
  0.30106731E+02  0.26792211E+00
  0.30116730E+02  0.26772128E+00
  0.30126730E+02  0.26751904E+00
  0.30136729E+02  0.26731546E+00
  0.30146729E+02  0.26711062E+00
  0.30156728E+02  0.26690459E+00
  0.30166728E+02  0.26669747E+00
  0.30176727E+02  0.26648933E+00
  0.30186726E+02  0.26628027E+00
  0.30196726E+02  0.26607037E+00
  0.30206725E+02  0.26585973E+00
  0.30216725E+02  0.26564843E+00
  0.30226724E+02  0.26543657E+00
  0.30236724E+02  0.26522426E+00
  0.30246723E+02  0.26501158E+00
  0.30256723E+02  0.26479865E+00
  0.30266722E+02  0.26458555E+00
  0.30276721E+02  0.26437240E+00
  0.30286721E+02  0.26415930E+00
  0.30296720E+02  0.26394635E+00
  0.30306720E+02  0.26373367E+00
  0.30316719E+02  0.26352135E+00
  0.30326719E+02  0.26330951E+00
  0.30336718E+02  0.26309826E+00
  0.30346718E+02  0.26288771E+00
  0.30356717E+02  0.26267797E+00
  0.30366717E+02  0.26246914E+00
  0.30376716E+02  0.26226135E+00
  0.30386715E+02  0.26205470E+00
  0.30396715E+02  0.26184930E+00
  0.30406714E+02  0.26164527E+00
  0.30416714E+02  0.26144271E+00
  0.30426713E+02  0.26124174E+00
  0.30436713E+02  0.26104247E+00
  0.30446712E+02  0.26084501E+00
  0.30456712E+02  0.26064946E+00
  0.30466711E+02  0.26045595E+00
  0.30476710E+02  0.26026456E+00
  0.30486710E+02  0.26007542E+00
  0.30496709E+02  0.25988863E+00
  0.30506709E+02  0.25970429E+00
  0.30516708E+02  0.25952251E+00
  0.30526708E+02  0.25934338E+00
  0.30536707E+02  0.25916702E+00
  0.30546707E+02  0.25899351E+00
  0.30556706E+02  0.25882295E+00
  0.30566706E+02  0.25865545E+00
  0.30576705E+02  0.25849109E+00
  0.30586704E+02  0.25832997E+00
  0.30596704E+02  0.25817216E+00
  0.30606703E+02  0.25801777E+00
  0.30616703E+02  0.25786688E+00
  0.30626702E+02  0.25771956E+00
  0.30636702E+02  0.25757590E+00
  0.30646701E+02  0.25743597E+00
  0.30656701E+02  0.25729986E+00
  0.30666700E+02  0.25716762E+00
