  0.37683278E+01  0.20458162E-03
  0.37783272E+01  0.22287052E-03
  0.37883266E+01  0.24272951E-03
  0.37983260E+01  0.26428699E-03
  0.38083254E+01  0.28768118E-03
  0.38183247E+01  0.31306079E-03
  0.38283241E+01  0.34058576E-03
  0.38383235E+01  0.37042796E-03
  0.38483229E+01  0.40277204E-03
  0.38583223E+01  0.43781617E-03
  0.38683217E+01  0.47577299E-03
  0.38783211E+01  0.51687046E-03
  0.38883205E+01  0.56135284E-03
  0.38983199E+01  0.60948169E-03
  0.39083193E+01  0.66153694E-03
  0.39183187E+01  0.71781798E-03
  0.39283181E+01  0.77864489E-03
  0.39383175E+01  0.84435966E-03
  0.39483169E+01  0.91532755E-03
  0.39583163E+01  0.99193854E-03
  0.39683157E+01  0.10746089E-02
  0.39783151E+01  0.11637827E-02
  0.39883145E+01  0.12599341E-02
  0.39983139E+01  0.13635687E-02
  0.40083133E+01  0.14752261E-02
  0.40183126E+01  0.15954819E-02
  0.40283120E+01  0.17249507E-02
  0.40383114E+01  0.18642880E-02
  0.40483108E+01  0.20141935E-02
  0.40583102E+01  0.21754140E-02
  0.40683096E+01  0.23487459E-02
  0.40783090E+01  0.25350382E-02
  0.40883084E+01  0.27351953E-02
  0.40983078E+01  0.29501793E-02
  0.41083072E+01  0.31810116E-02
  0.41183066E+01  0.34287740E-02
  0.41283060E+01  0.36946087E-02
  0.41383054E+01  0.39797169E-02
  0.41483048E+01  0.42853556E-02
  0.41583042E+01  0.46128329E-02
  0.41683036E+01  0.49634996E-02
  0.41783030E+01  0.53387397E-02
  0.41883024E+01  0.57399563E-02
  0.41983018E+01  0.61685552E-02
  0.42083011E+01  0.66259240E-02
  0.42183005E+01  0.71134084E-02
  0.42282999E+01  0.76322838E-02
  0.42382993E+01  0.81837253E-02
  0.42482987E+01  0.87687723E-02
  0.42582981E+01  0.93882931E-02
  0.42682975E+01  0.10042946E-01
  0.42782969E+01  0.10733143E-01
  0.42882963E+01  0.11459008E-01
  0.42982957E+01  0.12220345E-01
  0.43082951E+01  0.13016604E-01
  0.43182945E+01  0.13846855E-01
  0.43282939E+01  0.14709768E-01
  0.43382933E+01  0.15603598E-01
  0.43482927E+01  0.16526188E-01
  0.43582921E+01  0.17474971E-01
  0.43682915E+01  0.18446995E-01
  0.43782909E+01  0.19438949E-01
  0.43882903E+01  0.20447209E-01
  0.43982897E+01  0.21467888E-01
  0.44082890E+01  0.22496905E-01
  0.44182884E+01  0.23530052E-01
  0.44282878E+01  0.24563071E-01
  0.44382872E+01  0.38392517E-01
  0.44482866E+01  0.26611963E-01
  0.44582860E+01  0.27619829E-01
  0.44682854E+01  0.28611718E-01
  0.44782848E+01  0.29584353E-01
  0.44882842E+01  0.30534870E-01
  0.44982836E+01  0.31460864E-01
  0.45082830E+01  0.32360429E-01
  0.45182824E+01  0.33232175E-01
  0.45282818E+01  0.34075238E-01
  0.45382812E+01  0.34889273E-01
  0.45482806E+01  0.35674425E-01
  0.45582800E+01  0.36431302E-01
  0.45682794E+01  0.37160920E-01
  0.45782788E+01  0.37864652E-01
  0.45882782E+01  0.38544158E-01
  0.45982775E+01  0.39201326E-01
  0.46082769E+01  0.39838196E-01
  0.46182763E+01  0.40456895E-01
  0.46282757E+01  0.41059572E-01
  0.46382751E+01  0.41648338E-01
  0.46482745E+01  0.42225214E-01
  0.46582739E+01  0.42792087E-01
  0.46682733E+01  0.43350677E-01
  0.46782727E+01  0.43902511E-01
  0.46882721E+01  0.44448905E-01
  0.46982715E+01  0.44990961E-01
  0.47082709E+01  0.45529567E-01
  0.47182703E+01  0.46065404E-01
  0.47282697E+01  0.46598964E-01
  0.47382691E+01  0.47130565E-01
  0.47482685E+01  0.47660376E-01
  0.47582679E+01  0.48188442E-01
  0.47682673E+01  0.48714705E-01
  0.47782667E+01  0.49239033E-01
  0.47882661E+01  0.49761239E-01
  0.47982654E+01  0.50281106E-01
  0.48082648E+01  0.50798405E-01
  0.48182642E+01  0.51312908E-01
  0.48282636E+01  0.51824404E-01
  0.48382630E+01  0.52332709E-01
  0.48482624E+01  0.52837670E-01
  0.48582618E+01  0.53339173E-01
  0.48682612E+01  0.53837141E-01
  0.48782606E+01  0.54331539E-01
  0.48882600E+01  0.54822367E-01
  0.48982594E+01  0.55309660E-01
  0.49082588E+01  0.55793486E-01
  0.49182582E+01  0.56273936E-01
  0.49282576E+01  0.56751123E-01
  0.49382570E+01  0.57225178E-01
  0.49482564E+01  0.57696244E-01
  0.49582558E+01  0.58164469E-01
  0.49682552E+01  0.58630007E-01
  0.49782546E+01  0.59093010E-01
  0.49882539E+01  0.59553630E-01
  0.49982533E+01  0.60012011E-01
  0.50082527E+01  0.60468291E-01
  0.50182521E+01  0.60922599E-01
  0.50282515E+01  0.61375056E-01
  0.50382509E+01  0.61825770E-01
  0.50482503E+01  0.62274843E-01
  0.50582497E+01  0.62722364E-01
  0.50682491E+01  0.63168413E-01
  0.50782485E+01  0.63613061E-01
  0.50882479E+01  0.64056371E-01
  0.50982473E+01  0.64498398E-01
  0.51082467E+01  0.64939192E-01
  0.51182461E+01  0.65378794E-01
  0.51282455E+01  0.65817242E-01
  0.51382449E+01  0.66254571E-01
  0.51482443E+01  0.66690810E-01
  0.51582437E+01  0.67125987E-01
  0.51682431E+01  0.67560128E-01
  0.51782425E+01  0.67993258E-01
  0.51882418E+01  0.68425400E-01
  0.51982412E+01  0.68856578E-01
  0.52082406E+01  0.69286815E-01
  0.52182400E+01  0.69716136E-01
  0.52282394E+01  0.70144564E-01
  0.52382388E+01  0.70572126E-01
  0.52482382E+01  0.70998848E-01
  0.52582376E+01  0.71424758E-01
  0.52682370E+01  0.71849884E-01
  0.52782364E+01  0.72274255E-01
  0.52882358E+01  0.72697904E-01
  0.52982352E+01  0.73120861E-01
  0.53082346E+01  0.73543160E-01
  0.53182340E+01  0.73964834E-01
  0.53282334E+01  0.74385918E-01
  0.53382328E+01  0.74806446E-01
  0.53482322E+01  0.75226455E-01
  0.53582316E+01  0.75645980E-01
  0.53682310E+01  0.76065058E-01
  0.53782304E+01  0.76483724E-01
  0.53882297E+01  0.76902016E-01
  0.53982291E+01  0.77319970E-01
  0.54082285E+01  0.77737623E-01
  0.54182279E+01  0.78155010E-01
  0.54282273E+01  0.78572169E-01
  0.54382267E+01  0.78989134E-01
  0.54482261E+01  0.79405940E-01
  0.54582255E+01  0.79822624E-01
  0.54682249E+01  0.80239220E-01
  0.54782243E+01  0.80655762E-01
  0.54882237E+01  0.81072284E-01
  0.54982231E+01  0.81488819E-01
  0.55082225E+01  0.81905401E-01
  0.55182219E+01  0.82322062E-01
  0.55282213E+01  0.82738835E-01
  0.55382207E+01  0.83155752E-01
  0.55482201E+01  0.83572845E-01
  0.55582195E+01  0.83990145E-01
  0.55682189E+01  0.84407685E-01
  0.55782182E+01  0.84825494E-01
  0.55882176E+01  0.85243604E-01
  0.55982170E+01  0.85662045E-01
  0.56082164E+01  0.86080850E-01
  0.56182158E+01  0.86500049E-01
  0.56282152E+01  0.86919672E-01
  0.56382146E+01  0.87339750E-01
  0.56482140E+01  0.87760315E-01
  0.56582134E+01  0.88181397E-01
  0.56682128E+01  0.88603028E-01
  0.56782122E+01  0.89025238E-01
  0.56882116E+01  0.89448061E-01
  0.56982110E+01  0.89871526E-01
  0.57082104E+01  0.90295666E-01
  0.57182098E+01  0.90720514E-01
  0.57282092E+01  0.91146101E-01
  0.57382086E+01  0.91572461E-01
  0.57482080E+01  0.91999626E-01
  0.57582074E+01  0.92427629E-01
  0.57682068E+01  0.92856505E-01
  0.57782061E+01  0.93286286E-01
  0.57882055E+01  0.93717007E-01
  0.57982049E+01  0.94148703E-01
  0.58082043E+01  0.94581408E-01
  0.58182037E+01  0.95015157E-01
  0.58282031E+01  0.95449986E-01
  0.58382025E+01  0.95885931E-01
  0.58482019E+01  0.96323027E-01
  0.58582013E+01  0.96761312E-01
  0.58682007E+01  0.97200822E-01
  0.58782001E+01  0.97641593E-01
  0.58881995E+01  0.98083665E-01
  0.58981989E+01  0.98527074E-01
  0.59081983E+01  0.98971859E-01
  0.59181977E+01  0.99418058E-01
  0.59281971E+01  0.99865711E-01
  0.59381965E+01  0.10031486E+00
  0.59481959E+01  0.10076553E+00
  0.59581953E+01  0.10121779E+00
  0.59681946E+01  0.10167165E+00
  0.59781940E+01  0.10212717E+00
  0.59881934E+01  0.10258438E+00
  0.59981928E+01  0.10304334E+00
  0.60081922E+01  0.10350407E+00
  0.60181916E+01  0.10396663E+00
  0.60281910E+01  0.10443105E+00
  0.60381904E+01  0.10489738E+00
  0.60481898E+01  0.10536567E+00
  0.60581892E+01  0.10583595E+00
  0.60681886E+01  0.10630828E+00
  0.60781880E+01  0.10678270E+00
  0.60881874E+01  0.10725926E+00
  0.60981868E+01  0.10773800E+00
  0.61081862E+01  0.10821897E+00
  0.61181856E+01  0.10870222E+00
  0.61281850E+01  0.10918780E+00
  0.61381844E+01  0.10967576E+00
  0.61481838E+01  0.11016614E+00
  0.61581832E+01  0.11065901E+00
  0.61681825E+01  0.11115440E+00
  0.61781819E+01  0.11165238E+00
  0.61881813E+01  0.11215299E+00
  0.61981807E+01  0.11265630E+00
  0.62081801E+01  0.11316234E+00
  0.62181795E+01  0.11367119E+00
  0.62281789E+01  0.11418289E+00
  0.62381783E+01  0.11469751E+00
  0.62481777E+01  0.11521510E+00
  0.62581771E+01  0.11573571E+00
  0.62681765E+01  0.11625942E+00
  0.62781759E+01  0.11678628E+00
  0.62881753E+01  0.11731635E+00
  0.62981747E+01  0.11784970E+00
  0.63081741E+01  0.11838639E+00
  0.63181735E+01  0.11892648E+00
  0.63281729E+01  0.11947005E+00
  0.63381723E+01  0.12001715E+00
  0.63481717E+01  0.12056786E+00
  0.63581710E+01  0.12112225E+00
  0.63681704E+01  0.12168038E+00
  0.63781698E+01  0.12224234E+00
  0.63881692E+01  0.12280819E+00
  0.63981686E+01  0.12337801E+00
  0.64081680E+01  0.12395188E+00
  0.64181674E+01  0.12452986E+00
  0.64281668E+01  0.12511206E+00
  0.64381662E+01  0.12569853E+00
  0.64481656E+01  0.12628937E+00
  0.64581650E+01  0.12688466E+00
  0.64681644E+01  0.12748449E+00
  0.64781638E+01  0.12808894E+00
  0.64881632E+01  0.12869811E+00
  0.64981626E+01  0.12931208E+00
  0.65081620E+01  0.12993095E+00
  0.65181614E+01  0.13055480E+00
  0.65281608E+01  0.13118375E+00
  0.65381602E+01  0.13181789E+00
  0.65481596E+01  0.13245731E+00
  0.65581589E+01  0.13310213E+00
  0.65681583E+01  0.13375245E+00
  0.65781577E+01  0.13440837E+00
  0.65881571E+01  0.13507001E+00
  0.65981565E+01  0.13573748E+00
  0.66081559E+01  0.13641090E+00
  0.66181553E+01  0.13709038E+00
  0.66281547E+01  0.13777604E+00
  0.66381541E+01  0.13846802E+00
  0.66481535E+01  0.13916643E+00
  0.66581529E+01  0.13987140E+00
  0.66681523E+01  0.14058308E+00
  0.66781517E+01  0.14130159E+00
  0.66881511E+01  0.14202708E+00
  0.66981505E+01  0.14275969E+00
  0.67081499E+01  0.14349957E+00
  0.67181493E+01  0.14424688E+00
  0.67281487E+01  0.14500175E+00
  0.67381481E+01  0.14576437E+00
  0.67481474E+01  0.14653489E+00
  0.67581468E+01  0.14731348E+00
  0.67681462E+01  0.14810032E+00
  0.67781456E+01  0.14889559E+00
  0.67881450E+01  0.14969947E+00
  0.67981444E+01  0.15051215E+00
  0.68081438E+01  0.15133382E+00
  0.68181432E+01  0.15216470E+00
  0.68281426E+01  0.15300499E+00
  0.68381420E+01  0.15385490E+00
  0.68481414E+01  0.15471465E+00
  0.68581408E+01  0.15558448E+00
  0.68681402E+01  0.15646462E+00
  0.68781396E+01  0.15735531E+00
  0.68881390E+01  0.15825680E+00
  0.68981384E+01  0.15916935E+00
  0.69081378E+01  0.16009323E+00
  0.69181372E+01  0.16102871E+00
  0.69281366E+01  0.16197608E+00
  0.69381360E+01  0.16293563E+00
  0.69481353E+01  0.16390767E+00
  0.69581347E+01  0.16489250E+00
  0.69681341E+01  0.16589045E+00
  0.69781335E+01  0.16690186E+00
  0.69881329E+01  0.16792707E+00
  0.69981323E+01  0.16896644E+00
  0.70081317E+01  0.17002033E+00
  0.70181311E+01  0.17108914E+00
  0.70281305E+01  0.17217325E+00
  0.70381299E+01  0.17327307E+00
  0.70481293E+01  0.17438904E+00
  0.70581287E+01  0.17552159E+00
  0.70681281E+01  0.17667119E+00
  0.70781275E+01  0.17783830E+00
  0.70881269E+01  0.17902343E+00
  0.70981263E+01  0.18022710E+00
  0.71081257E+01  0.18144984E+00
  0.71181251E+01  0.18269222E+00
  0.71281245E+01  0.18395482E+00
  0.71381238E+01  0.18523828E+00
  0.71481232E+01  0.18654322E+00
  0.71581226E+01  0.18787034E+00
  0.71681220E+01  0.18922034E+00
  0.71781214E+01  0.19059398E+00
  0.71881208E+01  0.19199203E+00
  0.71981202E+01  0.19341534E+00
  0.72081196E+01  0.19486478E+00
  0.72181190E+01  0.19634126E+00
  0.72281184E+01  0.19784578E+00
  0.72381178E+01  0.19937934E+00
  0.72481172E+01  0.20094306E+00
  0.72581166E+01  0.20253807E+00
  0.72681160E+01  0.20416560E+00
  0.72781154E+01  0.20582694E+00
  0.72881148E+01  0.20752347E+00
  0.72981142E+01  0.20925664E+00
  0.73081136E+01  0.21102800E+00
  0.73181130E+01  0.21283921E+00
  0.73281124E+01  0.21469204E+00
  0.73381117E+01  0.21658838E+00
  0.73481111E+01  0.21853025E+00
  0.73581105E+01  0.22051983E+00
  0.73681099E+01  0.22255949E+00
  0.73781093E+01  0.22465177E+00
  0.73881087E+01  0.22679944E+00
  0.73981081E+01  0.22900551E+00
  0.74081075E+01  0.23127330E+00
  0.74181069E+01  0.23360642E+00
  0.74281063E+01  0.23600885E+00
  0.74381057E+01  0.23848498E+00
  0.74481051E+01  0.24103970E+00
  0.74581045E+01  0.24367838E+00
  0.74681039E+01  0.24640703E+00
  0.74781033E+01  0.24923230E+00
  0.74881027E+01  0.25216162E+00
  0.74981021E+01  0.25520326E+00
  0.75081015E+01  0.25836644E+00
  0.75181009E+01  0.26166143E+00
  0.75281002E+01  0.26509967E+00
  0.75380996E+01  0.26869394E+00
  0.75480990E+01  0.27245844E+00
  0.75580984E+01  0.27640899E+00
  0.75680978E+01  0.28056319E+00
  0.75780972E+01  0.28494065E+00
  0.75880966E+01  0.28956322E+00
  0.75980960E+01  0.29445530E+00
  0.76080954E+01  0.29964418E+00
  0.76180948E+01  0.30516056E+00
  0.76280942E+01  0.31103913E+00
  0.76380936E+01  0.31731938E+00
  0.76480930E+01  0.32404662E+00
  0.76580924E+01  0.33127321E+00
  0.76680918E+01  0.33906009E+00
  0.76780912E+01  0.34747854E+00
  0.76880906E+01  0.35661193E+00
  0.76980900E+01  0.36655751E+00
  0.77080894E+01  0.37742754E+00
  0.77180888E+01  0.38934970E+00
  0.77280881E+01  0.40246589E+00
  0.77380875E+01  0.41692913E+00
  0.77480869E+01  0.43289787E+00
  0.77580863E+01  0.45052770E+00
  0.77680857E+01  0.46996037E+00
  0.77780851E+01  0.49131082E+00
  0.77880845E+01  0.51465334E+00
  0.77980839E+01  0.54000830E+00
  0.78080833E+01  0.56733129E+00
  0.78180827E+01  0.59650639E+00
  0.78280821E+01  0.62734502E+00
  0.78380815E+01  0.65959127E+00
  0.78480809E+01  0.69293435E+00
  0.78580803E+01  0.72702834E+00
  0.78680797E+01  0.76151849E+00
  0.78780791E+01  0.79606920E+00
  0.78880785E+01  0.11375980E+01
  0.78980779E+01  0.86416216E+00
  0.79080773E+01  0.89707292E+00
  0.79180766E+01  0.92861346E+00
  0.79280760E+01  0.95809482E+00
  0.79380754E+01  0.98475031E+00
  0.79480748E+01  0.10079950E+01
  0.79580742E+01  0.10276879E+01
  0.79680736E+01  0.10442098E+01
  0.79780730E+01  0.10582963E+01
  0.79880724E+01  0.10707471E+01
  0.79980718E+01  0.10822008E+01
  0.80080712E+01  0.10930681E+01
  0.80180706E+01  0.11035870E+01
  0.80280700E+01  0.11139047E+01
  0.80380694E+01  0.11241302E+01
  0.80480688E+01  0.11343502E+01
  0.80580682E+01  0.11446277E+01
  0.80680676E+01  0.11549996E+01
  0.80780670E+01  0.11654788E+01
  0.80880664E+01  0.11760601E+01
  0.80980658E+01  0.11867271E+01
  0.81080652E+01  0.11974588E+01
  0.81180645E+01  0.12082342E+01
  0.81280639E+01  0.12190365E+01
  0.81380633E+01  0.12298551E+01
  0.81480627E+01  0.12406864E+01
  0.81580621E+01  0.12515337E+01
  0.81680615E+01  0.12624074E+01
  0.81780609E+01  0.12733233E+01
  0.81880603E+01  0.12843018E+01
  0.81980597E+01  0.12953672E+01
  0.82080591E+01  0.13065464E+01
  0.82180585E+01  0.13178684E+01
  0.82280579E+01  0.13293644E+01
  0.82380573E+01  0.13410669E+01
  0.82480567E+01  0.13530108E+01
  0.82580561E+01  0.13652331E+01
  0.82680555E+01  0.13777734E+01
  0.82780549E+01  0.13906748E+01
  0.82880543E+01  0.14039841E+01
  0.82980537E+01  0.14177518E+01
  0.83080530E+01  0.14320326E+01
  0.83180524E+01  0.14468843E+01
  0.83280518E+01  0.14623675E+01
  0.83380512E+01  0.14785439E+01
  0.83480506E+01  0.14954743E+01
  0.83580500E+01  0.15132165E+01
  0.83680494E+01  0.15318220E+01
  0.83780488E+01  0.15513333E+01
  0.83880482E+01  0.15717802E+01
  0.83980476E+01  0.15931770E+01
  0.84080470E+01  0.16155209E+01
  0.84180464E+01  0.16387925E+01
  0.84280458E+01  0.16629638E+01
  0.84380452E+01  0.16880118E+01
  0.84480446E+01  0.17139375E+01
  0.84580440E+01  0.17407718E+01
  0.84680434E+01  0.17685368E+01
  0.84780428E+01  0.17971257E+01
  0.84880422E+01  0.18517032E+01
  0.84980416E+01  0.19056986E+01
  0.85080409E+01  0.18807581E+01
  0.85180403E+01  0.19030088E+01
  0.85280397E+01  0.19195633E+01
  0.85380391E+01  0.19295055E+01
  0.85480385E+01  0.19329728E+01
  0.85580379E+01  0.19309675E+01
  0.85680373E+01  0.19247973E+01
  0.85780367E+01  0.19154677E+01
  0.85880361E+01  0.19033338E+01
  0.85980355E+01  0.18881276E+01
  0.86080349E+01  0.18692688E+01
  0.86180343E+01  0.18462629E+01
  0.86280337E+01  0.18190119E+01
  0.86380331E+01  0.17879397E+01
  0.86480325E+01  0.17539235E+01
  0.86580319E+01  0.17180920E+01
  0.86680313E+01  0.16815866E+01
  0.86780307E+01  0.16453697E+01
  0.86880301E+01  0.16101306E+01
  0.86980294E+01  0.15762873E+01
  0.87080288E+01  0.15440486E+01
  0.87180282E+01  0.15134951E+01
  0.87280276E+01  0.14846457E+01
  0.87380270E+01  0.14574986E+01
  0.87480264E+01  0.14320476E+01
  0.87580258E+01  0.14082842E+01
  0.87680252E+01  0.13861948E+01
  0.87780246E+01  0.13657566E+01
  0.87880240E+01  0.13469370E+01
  0.87980234E+01  0.13296948E+01
  0.88080228E+01  0.13139818E+01
  0.88180222E+01  0.12997447E+01
  0.88280216E+01  0.12869258E+01
  0.88380210E+01  0.12754618E+01
  0.88480204E+01  0.12652817E+01
  0.88580198E+01  0.12563029E+01
  0.88680192E+01  0.12484277E+01
  0.88780186E+01  0.12415386E+01
  0.88880180E+01  0.12354961E+01
  0.88980173E+01  0.12301381E+01
  0.89080167E+01  0.12252850E+01
  0.89180161E+01  0.12207473E+01
  0.89280155E+01  0.12163349E+01
  0.89380149E+01  0.12118586E+01
  0.89480143E+01  0.12071155E+01
  0.89580137E+01  0.12018557E+01
  0.89680131E+01  0.11957447E+01
  0.89780125E+01  0.11883544E+01
  0.89880119E+01  0.11792154E+01
  0.89980113E+01  0.11679411E+01
  0.90080107E+01  0.11543850E+01
  0.90180101E+01  0.11387581E+01
  0.90280095E+01  0.11216401E+01
  0.90380089E+01  0.11038699E+01
  0.90480083E+01  0.10863656E+01
  0.90580077E+01  0.10699538E+01
  0.90680071E+01  0.10552739E+01
  0.90780065E+01  0.10427723E+01
  0.90880059E+01  0.10327614E+01
  0.90980052E+01  0.10255009E+01
  0.91080046E+01  0.10212764E+01
  0.91180040E+01  0.10204640E+01
  0.91280034E+01  0.10235927E+01
  0.91380028E+01  0.10314172E+01
  0.91480022E+01  0.10450165E+01
  0.91580016E+01  0.10659240E+01
  0.91680010E+01  0.10962851E+01
  0.91780004E+01  0.11390049E+01
  0.91879998E+01  0.11978124E+01
  0.91979992E+01  0.12771165E+01
  0.92079986E+01  0.13815542E+01
  0.92179980E+01  0.15155163E+01
  0.92279974E+01  0.16839649E+01
  0.92379968E+01  0.18943349E+01
  0.92479962E+01  0.21489917E+01
  0.92579956E+01  0.28570344E+01
  0.92679950E+01  0.26607539E+01
  0.92779944E+01  0.28425774E+01
  0.92879937E+01  0.29953366E+01
  0.92979931E+01  0.31508269E+01
  0.93079925E+01  0.33086536E+01
  0.93179919E+01  0.37536063E+01
  0.93279913E+01  0.35517429E+01
  0.93379907E+01  0.36378121E+01
  0.93479901E+01  0.37190135E+01
  0.93579895E+01  0.37885081E+01
  0.93679889E+01  0.38226309E+01
  0.93779883E+01  0.37989649E+01
  0.93879877E+01  0.37159842E+01
  0.93979871E+01  0.35958182E+01
  0.94079865E+01  0.34658997E+01
  0.94179859E+01  0.33426315E+01
  0.94279853E+01  0.32306845E+01
  0.94379847E+01  0.31293999E+01
  0.94479841E+01  0.30371053E+01
  0.94579835E+01  0.29524015E+01
  0.94679829E+01  0.28742743E+01
  0.94779823E+01  0.28020285E+01
  0.94879816E+01  0.27352258E+01
  0.94979810E+01  0.26736150E+01
  0.95079804E+01  0.26170495E+01
  0.95179798E+01  0.25654112E+01
  0.95279792E+01  0.25185544E+01
  0.95379786E+01  0.24762790E+01
  0.95479780E+01  0.24383284E+01
  0.95579774E+01  0.24044033E+01
  0.95679768E+01  0.23741841E+01
  0.95779762E+01  0.23473516E+01
  0.95879756E+01  0.23236039E+01
  0.95979750E+01  0.23026665E+01
  0.96079744E+01  0.22842973E+01
  0.96179738E+01  0.22682862E+01
  0.96279732E+01  0.22544524E+01
  0.96379726E+01  0.22426401E+01
  0.96479720E+01  0.22327140E+01
  0.96579714E+01  0.22245550E+01
  0.96679708E+01  0.22180568E+01
  0.96779701E+01  0.22131233E+01
  0.96879695E+01  0.22096674E+01
  0.96979689E+01  0.22076093E+01
  0.97079683E+01  0.22068769E+01
  0.97179677E+01  0.22074060E+01
  0.97279671E+01  0.22091406E+01
  0.97379665E+01  0.22120335E+01
  0.97479659E+01  0.22160476E+01
  0.97579653E+01  0.22211562E+01
  0.97679647E+01  0.22273431E+01
  0.97779641E+01  0.22346032E+01
  0.97879635E+01  0.22429413E+01
  0.97979629E+01  0.22523710E+01
  0.98079623E+01  0.22629125E+01
  0.98179617E+01  0.22745894E+01
  0.98279611E+01  0.22874256E+01
  0.98379605E+01  0.23014402E+01
  0.98479599E+01  0.23166433E+01
  0.98579593E+01  0.23330319E+01
  0.98679587E+01  0.23505860E+01
  0.98779580E+01  0.23692670E+01
  0.98879574E+01  0.23890188E+01
  0.98979568E+01  0.24097711E+01
  0.99079562E+01  0.24314466E+01
  0.99179556E+01  0.24539690E+01
  0.99279550E+01  0.24772700E+01
  0.99379544E+01  0.25012915E+01
  0.99479538E+01  0.25259780E+01
  0.99579532E+01  0.25512601E+01
  0.99679526E+01  0.25770318E+01
  0.99779520E+01  0.26031353E+01
  0.99879514E+01  0.26293700E+01
  0.99979508E+01  0.26555407E+01
  0.10007950E+02  0.26815471E+01
  0.10017950E+02  0.27075043E+01
  0.10027949E+02  0.27338917E+01
  0.10037948E+02  0.27616383E+01
  0.10047948E+02  0.27914675E+01
  0.10057947E+02  0.28210672E+01
  0.10067947E+02  0.28413314E+01
  0.10077946E+02  0.30702042E+01
  0.10087945E+02  0.28902182E+01
  0.10097945E+02  0.27730071E+01
  0.10107944E+02  0.27310528E+01
  0.10117944E+02  0.26923183E+01
  0.10127943E+02  0.26564959E+01
  0.10137942E+02  0.26227923E+01
  0.10147942E+02  0.25911188E+01
  0.10157941E+02  0.25620589E+01
  0.10167940E+02  0.25374216E+01
  0.10177940E+02  0.25209697E+01
  0.10187939E+02  0.25162950E+01
  0.10197939E+02  0.25184155E+01
  0.10207938E+02  0.26105694E+01
  0.10217937E+02  0.24689781E+01
  0.10227937E+02  0.24097113E+01
  0.10237936E+02  0.23528371E+01
  0.10247936E+02  0.23080722E+01
  0.10257935E+02  0.22720648E+01
  0.10267934E+02  0.22408669E+01
  0.10277934E+02  0.22130204E+01
  0.10287933E+02  0.21858986E+01
  0.10297933E+02  0.21531439E+01
  0.10307932E+02  0.21061461E+01
  0.10317931E+02  0.24995268E+01
  0.10327931E+02  0.24503864E+01
  0.10337930E+02  0.18506018E+01
  0.10347930E+02  0.17471070E+01
  0.10357929E+02  0.16492443E+01
  0.10367928E+02  0.15617352E+01
  0.10377928E+02  0.14856939E+01
  0.10387927E+02  0.14201619E+01
  0.10397927E+02  0.13635302E+01
  0.10407926E+02  0.13142717E+01
  0.10417925E+02  0.12711262E+01
  0.10427925E+02  0.12330783E+01
  0.10437924E+02  0.11993184E+01
  0.10447924E+02  0.11692198E+01
  0.10457923E+02  0.11423079E+01
  0.10467922E+02  0.11182203E+01
  0.10477922E+02  0.10966657E+01
  0.10487921E+02  0.10773957E+01
  0.10497921E+02  0.10601868E+01
  0.10507920E+02  0.10448328E+01
  0.10517919E+02  0.10311426E+01
  0.10527919E+02  0.10189407E+01
  0.10537918E+02  0.10080680E+01
  0.10547918E+02  0.99838410E+00
  0.10557917E+02  0.98976750E+00
  0.10567916E+02  0.98211618E+00
  0.10577916E+02  0.97534663E+00
  0.10587915E+02  0.96939233E+00
  0.10597914E+02  0.96420166E+00
  0.10607914E+02  0.95973556E+00
  0.10617913E+02  0.95596508E+00
  0.10627913E+02  0.95286922E+00
  0.10637912E+02  0.95043301E+00
  0.10647911E+02  0.94864597E+00
  0.10657911E+02  0.94750095E+00
  0.10667910E+02  0.94699329E+00
  0.10677910E+02  0.94712033E+00
  0.10687909E+02  0.94788106E+00
  0.10697908E+02  0.94927603E+00
  0.10707908E+02  0.95130731E+00
  0.10717907E+02  0.95397861E+00
  0.10727907E+02  0.95729533E+00
  0.10737906E+02  0.96126477E+00
  0.10747905E+02  0.96589620E+00
  0.10757905E+02  0.97120106E+00
  0.10767904E+02  0.97719300E+00
  0.10777904E+02  0.98388801E+00
  0.10787903E+02  0.99130447E+00
  0.10797902E+02  0.99946325E+00
  0.10807902E+02  0.10083877E+01
  0.10817901E+02  0.10181040E+01
  0.10827901E+02  0.10286408E+01
  0.10837900E+02  0.10400298E+01
  0.10847899E+02  0.10523058E+01
  0.10857899E+02  0.10655074E+01
  0.10867898E+02  0.10796766E+01
  0.10877898E+02  0.10948603E+01
  0.10887897E+02  0.11111102E+01
  0.10897896E+02  0.11284837E+01
  0.10907896E+02  0.11470445E+01
  0.10917895E+02  0.11668634E+01
  0.10927895E+02  0.11880184E+01
  0.10937894E+02  0.12105952E+01
  0.10947893E+02  0.12346866E+01
  0.10957893E+02  0.12603923E+01
  0.10967892E+02  0.12878173E+01
  0.10977891E+02  0.13170699E+01
  0.10987891E+02  0.13482594E+01
  0.10997890E+02  0.13814928E+01
  0.11007890E+02  0.14168710E+01
  0.11017889E+02  0.14544852E+01
  0.11027888E+02  0.14944141E+01
  0.11037888E+02  0.15367261E+01
  0.11047887E+02  0.15814910E+01
  0.11057887E+02  0.16288123E+01
  0.11067886E+02  0.16788863E+01
  0.11077885E+02  0.17320734E+01
  0.11087885E+02  0.17889294E+01
  0.11097884E+02  0.18501249E+01
  0.11107884E+02  0.19162930E+01
  0.11117883E+02  0.19881893E+01
  0.11127882E+02  0.20677032E+01
  0.11137882E+02  0.21583051E+01
  0.11147881E+02  0.22594149E+01
  0.11157881E+02  0.23815280E+01
  0.11167880E+02  0.24244645E+01
  0.11177879E+02  0.24603089E+01
  0.11187879E+02  0.24831640E+01
  0.11197878E+02  0.25126990E+01
  0.11207878E+02  0.25547281E+01
  0.11217877E+02  0.26070903E+01
  0.11227876E+02  0.26664601E+01
  0.11237876E+02  0.27305293E+01
  0.11247875E+02  0.27984877E+01
  0.11257875E+02  0.28711272E+01
  0.11267874E+02  0.29506128E+01
  0.11277873E+02  0.30390082E+01
  0.11287873E+02  0.31344329E+01
  0.11297872E+02  0.32532835E+01
  0.11307872E+02  0.33315102E+01
  0.11317871E+02  0.33622696E+01
  0.11327870E+02  0.34003311E+01
  0.11337870E+02  0.34292955E+01
  0.11347869E+02  0.34577702E+01
  0.11357868E+02  0.34912355E+01
  0.11367868E+02  0.35322052E+01
  0.11377867E+02  0.35814042E+01
  0.11387867E+02  0.36390319E+01
  0.11397866E+02  0.37055503E+01
  0.11407865E+02  0.37819658E+01
  0.11417865E+02  0.38698747E+01
  0.11427864E+02  0.39715038E+01
  0.11437864E+02  0.40896735E+01
  0.11447863E+02  0.42270160E+01
  0.11457862E+02  0.43837027E+01
  0.11467862E+02  0.46063562E+01
  0.11477861E+02  0.47338938E+01
  0.11487861E+02  0.49161845E+01
  0.11497860E+02  0.51058389E+01
  0.11507859E+02  0.53085672E+01
  0.11517859E+02  0.55206198E+01
  0.11527858E+02  0.59267298E+01
  0.11537858E+02  0.63186811E+01
  0.11547857E+02  0.59846018E+01
  0.11557856E+02  0.60703969E+01
  0.11567856E+02  0.60428755E+01
  0.11577855E+02  0.59191265E+01
  0.11587855E+02  0.58274056E+01
  0.11597854E+02  0.57373421E+01
  0.11607853E+02  0.56589529E+01
  0.11617853E+02  0.55959077E+01
  0.11627852E+02  0.56282835E+01
  0.11637852E+02  0.55589189E+01
  0.11647851E+02  0.56294597E+01
  0.11657850E+02  0.58086678E+01
  0.11667850E+02  0.61406638E+01
  0.11677849E+02  0.64706538E+01
  0.11687849E+02  0.62739858E+01
  0.11697848E+02  0.51591741E+01
  0.11707847E+02  0.43635713E+01
  0.11717847E+02  0.38525811E+01
  0.11727846E+02  0.35092341E+01
  0.11737845E+02  0.32488129E+01
  0.11747845E+02  0.30485550E+01
  0.11757844E+02  0.28893976E+01
  0.11767844E+02  0.27591701E+01
  0.11777843E+02  0.26501010E+01
  0.11787842E+02  0.25567385E+01
  0.11797842E+02  0.24750617E+01
  0.11807841E+02  0.24021452E+01
  0.11817841E+02  0.23359506E+01
  0.11827840E+02  0.22751213E+01
  0.11837839E+02  0.22187840E+01
  0.11847839E+02  0.21663794E+01
  0.11857838E+02  0.21175359E+01
  0.11867838E+02  0.20719831E+01
  0.11877837E+02  0.20294993E+01
  0.11887836E+02  0.19898827E+01
  0.11897836E+02  0.19529373E+01
  0.11907835E+02  0.19184696E+01
  0.11917835E+02  0.18862891E+01
  0.11927834E+02  0.18562107E+01
  0.11937833E+02  0.18280586E+01
  0.11947833E+02  0.18016680E+01
  0.11957832E+02  0.17768871E+01
  0.11967832E+02  0.17535781E+01
  0.11977831E+02  0.17316166E+01
  0.11987830E+02  0.17108915E+01
  0.11997830E+02  0.16913037E+01
  0.12007829E+02  0.16727653E+01
  0.12017829E+02  0.16551982E+01
  0.12027828E+02  0.16385330E+01
  0.12037827E+02  0.16227081E+01
  0.12047827E+02  0.16076684E+01
  0.12057826E+02  0.15933650E+01
  0.12067826E+02  0.15797539E+01
  0.12077825E+02  0.15667958E+01
  0.12087824E+02  0.15544551E+01
  0.12097824E+02  0.15426998E+01
  0.12107823E+02  0.15315008E+01
  0.12117822E+02  0.15208315E+01
  0.12127822E+02  0.15106674E+01
  0.12137821E+02  0.15009860E+01
  0.12147821E+02  0.14917660E+01
  0.12157820E+02  0.14829876E+01
  0.12167819E+02  0.14746316E+01
  0.12177819E+02  0.14666798E+01
  0.12187818E+02  0.14591143E+01
  0.12197818E+02  0.14519175E+01
  0.12207817E+02  0.14450721E+01
  0.12217816E+02  0.14385608E+01
  0.12227816E+02  0.14323665E+01
  0.12237815E+02  0.14264720E+01
  0.12247815E+02  0.14208608E+01
  0.12257814E+02  0.14155164E+01
  0.12267813E+02  0.14104231E+01
  0.12277813E+02  0.14055664E+01
  0.12287812E+02  0.14009326E+01
  0.12297812E+02  0.13965098E+01
  0.12307811E+02  0.13922877E+01
  0.12317810E+02  0.13882576E+01
  0.12327810E+02  0.13844127E+01
  0.12337809E+02  0.13807479E+01
  0.12347809E+02  0.13772589E+01
  0.12357808E+02  0.13739423E+01
  0.12367807E+02  0.13707946E+01
  0.12377807E+02  0.13678119E+01
  0.12387806E+02  0.13649888E+01
  0.12397806E+02  0.13623182E+01
  0.12407805E+02  0.13597917E+01
  0.12417804E+02  0.13573990E+01
  0.12427804E+02  0.13551295E+01
  0.12437803E+02  0.13529733E+01
  0.12447803E+02  0.13509224E+01
  0.12457802E+02  0.13489731E+01
  0.12467801E+02  0.13471270E+01
  0.12477801E+02  0.13453924E+01
  0.12487800E+02  0.13437845E+01
  0.12497800E+02  0.13423253E+01
  0.12507799E+02  0.13410413E+01
  0.12517798E+02  0.13399616E+01
  0.12527798E+02  0.13391144E+01
  0.12537797E+02  0.13385235E+01
  0.12547796E+02  0.13382047E+01
  0.12557796E+02  0.13381630E+01
  0.12567795E+02  0.13383894E+01
  0.12577795E+02  0.13388572E+01
  0.12587794E+02  0.13395178E+01
  0.12597793E+02  0.13402954E+01
  0.12607793E+02  0.13410824E+01
  0.12617792E+02  0.13417364E+01
  0.12627792E+02  0.13420769E+01
  0.12637791E+02  0.13418676E+01
  0.12647790E+02  0.13407715E+01
  0.12657790E+02  0.13382800E+01
  0.12667789E+02  0.13336676E+01
  0.12677789E+02  0.13260548E+01
  0.12687788E+02  0.13146248E+01
  0.12697787E+02  0.12989276E+01
  0.12707787E+02  0.12790960E+01
  0.12717786E+02  0.12558183E+01
  0.12727786E+02  0.12300751E+01
  0.12737785E+02  0.12028033E+01
  0.12747784E+02  0.11746767E+01
  0.12757784E+02  0.11460746E+01
  0.12767783E+02  0.11171814E+01
  0.12777783E+02  0.10881089E+01
  0.12787782E+02  0.10589757E+01
  0.12797781E+02  0.10299337E+01
  0.12807781E+02  0.10011624E+01
  0.12817780E+02  0.97285355E+00
  0.12827780E+02  0.94519621E+00
  0.12837779E+02  0.91836381E+00
  0.12847778E+02  0.89250121E+00
  0.12857778E+02  0.86770969E+00
  0.12867777E+02  0.84402952E+00
  0.12877777E+02  0.82142190E+00
  0.12887776E+02  0.79975400E+00
  0.12897775E+02  0.77879256E+00
  0.12907775E+02  0.75821166E+00
  0.12917774E+02  0.73761879E+00
  0.12927773E+02  0.71659991E+00
  0.12937773E+02  0.69477894E+00
  0.12947772E+02  0.67188232E+00
  0.12957772E+02  0.64779559E+00
  0.12967771E+02  0.62259869E+00
  0.12977770E+02  0.59657017E+00
  0.12987770E+02  0.57015716E+00
  0.12997769E+02  0.54391621E+00
  0.13007769E+02  0.51843684E+00
  0.13017768E+02  0.49426355E+00
  0.13027767E+02  0.47183162E+00
  0.13037767E+02  0.45142720E+00
  0.13047766E+02  0.43317592E+00
  0.13057766E+02  0.41705725E+00
  0.13067765E+02  0.40293678E+00
  0.13077764E+02  0.39060689E+00
  0.13087764E+02  0.37982659E+00
  0.13097763E+02  0.37035401E+00
  0.13107763E+02  0.36196866E+00
  0.13117762E+02  0.35448314E+00
  0.13127761E+02  0.34774628E+00
  0.13137761E+02  0.34164060E+00
  0.13147760E+02  0.33607667E+00
  0.13157760E+02  0.33098670E+00
  0.13167759E+02  0.32631848E+00
  0.13177758E+02  0.32203064E+00
  0.13187758E+02  0.31808904E+00
  0.13197757E+02  0.31446441E+00
  0.13207757E+02  0.31113077E+00
  0.13217756E+02  0.30806459E+00
  0.13227755E+02  0.30524422E+00
  0.13237755E+02  0.30264961E+00
  0.13247754E+02  0.30026219E+00
  0.13257754E+02  0.29806469E+00
  0.13267753E+02  0.29604115E+00
  0.13277752E+02  0.29417683E+00
  0.13287752E+02  0.29245813E+00
  0.13297751E+02  0.29087258E+00
  0.13307750E+02  0.28940873E+00
  0.13317750E+02  0.28805612E+00
  0.13327749E+02  0.28680520E+00
  0.13337749E+02  0.28564729E+00
  0.13347748E+02  0.28457449E+00
  0.13357747E+02  0.28357962E+00
  0.13367747E+02  0.28265618E+00
  0.13377746E+02  0.28179827E+00
  0.13387746E+02  0.28100058E+00
  0.13397745E+02  0.28025826E+00
  0.13407744E+02  0.27956695E+00
  0.13417744E+02  0.27892271E+00
  0.13427743E+02  0.27832196E+00
  0.13437743E+02  0.27776145E+00
  0.13447742E+02  0.27723824E+00
  0.13457741E+02  0.27674966E+00
  0.13467741E+02  0.27629329E+00
  0.13477740E+02  0.27586691E+00
  0.13487740E+02  0.27546849E+00
  0.13497739E+02  0.27509620E+00
  0.13507738E+02  0.27474833E+00
  0.13517738E+02  0.27442332E+00
  0.13527737E+02  0.27411973E+00
  0.13537737E+02  0.27383623E+00
  0.13547736E+02  0.27357158E+00
  0.13557735E+02  0.27332463E+00
  0.13567735E+02  0.27309432E+00
  0.13577734E+02  0.27287964E+00
  0.13587734E+02  0.27267965E+00
  0.13597733E+02  0.27249346E+00
  0.13607732E+02  0.27232024E+00
  0.13617732E+02  0.27215920E+00
  0.13627731E+02  0.27200960E+00
  0.13637731E+02  0.27187072E+00
  0.13647730E+02  0.27174190E+00
  0.13657729E+02  0.27162248E+00
  0.13667729E+02  0.27151186E+00
  0.13677728E+02  0.27140946E+00
  0.13687727E+02  0.27131472E+00
  0.13697727E+02  0.27122710E+00
  0.13707726E+02  0.27114610E+00
  0.13717726E+02  0.27107123E+00
  0.13727725E+02  0.27100202E+00
  0.13737724E+02  0.27093802E+00
  0.13747724E+02  0.27087882E+00
  0.13757723E+02  0.27082399E+00
  0.13767723E+02  0.27077315E+00
  0.13777722E+02  0.27072592E+00
  0.13787721E+02  0.27068195E+00
  0.13797721E+02  0.27064090E+00
  0.13807720E+02  0.27060243E+00
  0.13817720E+02  0.27056625E+00
  0.13827719E+02  0.27053206E+00
  0.13837718E+02  0.27049956E+00
  0.13847718E+02  0.27046851E+00
  0.13857717E+02  0.27043864E+00
  0.13867717E+02  0.27040971E+00
  0.13877716E+02  0.27038149E+00
  0.13887715E+02  0.27035377E+00
  0.13897715E+02  0.27032634E+00
  0.13907714E+02  0.27029901E+00
  0.13917714E+02  0.27027160E+00
  0.13927713E+02  0.27024393E+00
  0.13937712E+02  0.27021584E+00
  0.13947712E+02  0.27018717E+00
  0.13957711E+02  0.27015779E+00
  0.13967711E+02  0.27012756E+00
  0.13977710E+02  0.27009635E+00
  0.13987709E+02  0.27006404E+00
  0.13997709E+02  0.27003052E+00
  0.14007708E+02  0.26999569E+00
  0.14017708E+02  0.26995944E+00
  0.14027707E+02  0.26992170E+00
  0.14037706E+02  0.26988237E+00
  0.14047706E+02  0.26984137E+00
  0.14057705E+02  0.26979863E+00
  0.14067705E+02  0.26975408E+00
  0.14077704E+02  0.26970767E+00
  0.14087703E+02  0.26965933E+00
  0.14097703E+02  0.26960900E+00
  0.14107702E+02  0.26955664E+00
  0.14117701E+02  0.26950220E+00
  0.14127701E+02  0.26944564E+00
  0.14137700E+02  0.26938692E+00
  0.14147700E+02  0.26932601E+00
  0.14157699E+02  0.26926287E+00
  0.14167698E+02  0.26919748E+00
  0.14177698E+02  0.26912980E+00
  0.14187697E+02  0.26905982E+00
  0.14197697E+02  0.26898751E+00
  0.14207696E+02  0.26891286E+00
  0.14217695E+02  0.26883584E+00
  0.14227695E+02  0.26875645E+00
  0.14237694E+02  0.26867467E+00
  0.14247694E+02  0.26859050E+00
  0.14257693E+02  0.26850391E+00
  0.14267692E+02  0.26841491E+00
  0.14277692E+02  0.26832350E+00
  0.14287691E+02  0.26822965E+00
  0.14297691E+02  0.26813339E+00
  0.14307690E+02  0.26803470E+00
  0.14317689E+02  0.26793358E+00
  0.14327689E+02  0.26783004E+00
  0.14337688E+02  0.26772408E+00
  0.14347688E+02  0.26761570E+00
  0.14357687E+02  0.26750491E+00
  0.14367686E+02  0.26739171E+00
  0.14377686E+02  0.26727612E+00
  0.14387685E+02  0.26715813E+00
  0.14397685E+02  0.26703776E+00
  0.14407684E+02  0.26691502E+00
  0.14417683E+02  0.26678991E+00
  0.14427683E+02  0.26666245E+00
  0.14437682E+02  0.26653265E+00
  0.14447682E+02  0.26640053E+00
  0.14457681E+02  0.26626608E+00
  0.14467680E+02  0.26612934E+00
  0.14477680E+02  0.26599030E+00
  0.14487679E+02  0.26584899E+00
  0.14497678E+02  0.26570542E+00
  0.14507678E+02  0.26555961E+00
  0.14517677E+02  0.26541156E+00
  0.14527677E+02  0.26526131E+00
  0.14537676E+02  0.26510886E+00
  0.14547675E+02  0.26495423E+00
  0.14557675E+02  0.26479743E+00
  0.14567674E+02  0.26463849E+00
  0.14577674E+02  0.26447742E+00
  0.14587673E+02  0.26431424E+00
  0.14597672E+02  0.26414897E+00
  0.14607672E+02  0.26398162E+00
  0.14617671E+02  0.26381222E+00
  0.14627671E+02  0.26364078E+00
  0.14637670E+02  0.26346732E+00
  0.14647669E+02  0.26329185E+00
  0.14657669E+02  0.26311441E+00
  0.14667668E+02  0.26293500E+00
  0.14677668E+02  0.26275365E+00
  0.14687667E+02  0.26257038E+00
  0.14697666E+02  0.26238519E+00
  0.14707666E+02  0.26219813E+00
  0.14717665E+02  0.26200919E+00
  0.14727665E+02  0.26181840E+00
  0.14737664E+02  0.26162578E+00
  0.14747663E+02  0.26143136E+00
  0.14757663E+02  0.26123514E+00
  0.14767662E+02  0.26103714E+00
  0.14777662E+02  0.26083740E+00
  0.14787661E+02  0.26063591E+00
  0.14797660E+02  0.26043271E+00
  0.14807660E+02  0.26022782E+00
  0.14817659E+02  0.26002124E+00
  0.14827659E+02  0.25981300E+00
  0.14837658E+02  0.25960312E+00
  0.14847657E+02  0.25939161E+00
  0.14857657E+02  0.25917850E+00
  0.14867656E+02  0.25896380E+00
  0.14877655E+02  0.25874753E+00
  0.14887655E+02  0.25852970E+00
  0.14897654E+02  0.25831034E+00
  0.14907654E+02  0.25808946E+00
  0.14917653E+02  0.25786708E+00
  0.14927652E+02  0.25764322E+00
  0.14937652E+02  0.25741789E+00
  0.14947651E+02  0.25719111E+00
  0.14957651E+02  0.25696289E+00
  0.14967650E+02  0.25673326E+00
  0.14977649E+02  0.25650222E+00
  0.14987649E+02  0.25626980E+00
  0.14997648E+02  0.25603601E+00
  0.15007648E+02  0.25580086E+00
  0.15017647E+02  0.25556438E+00
  0.15027646E+02  0.25532657E+00
  0.15037646E+02  0.25508744E+00
  0.15047645E+02  0.25484703E+00
  0.15057645E+02  0.25460533E+00
  0.15067644E+02  0.25436236E+00
  0.15077643E+02  0.25411814E+00
  0.15087643E+02  0.25387269E+00
  0.15097642E+02  0.25362600E+00
  0.15107642E+02  0.25337810E+00
  0.15117641E+02  0.25312900E+00
  0.15127640E+02  0.25287872E+00
  0.15137640E+02  0.25262725E+00
  0.15147639E+02  0.25237463E+00
  0.15157639E+02  0.25212085E+00
  0.15167638E+02  0.25186593E+00
  0.15177637E+02  0.25160989E+00
  0.15187637E+02  0.25135272E+00
  0.15197636E+02  0.25109445E+00
  0.15207636E+02  0.25083508E+00
  0.15217635E+02  0.25057463E+00
  0.15227634E+02  0.25031310E+00
  0.15237634E+02  0.25005051E+00
  0.15247633E+02  0.24978686E+00
  0.15257632E+02  0.24952216E+00
  0.15267632E+02  0.24925642E+00
  0.15277631E+02  0.24898966E+00
  0.15287631E+02  0.24872187E+00
  0.15297630E+02  0.24845307E+00
  0.15307629E+02  0.24818326E+00
  0.15317629E+02  0.24791246E+00
  0.15327628E+02  0.24764066E+00
  0.15337628E+02  0.24736789E+00
  0.15347627E+02  0.24709414E+00
  0.15357626E+02  0.24681942E+00
  0.15367626E+02  0.24654373E+00
  0.15377625E+02  0.24626709E+00
  0.15387625E+02  0.24598950E+00
  0.15397624E+02  0.24571097E+00
  0.15407623E+02  0.24543149E+00
  0.15417623E+02  0.24515108E+00
  0.15427622E+02  0.24486974E+00
  0.15437622E+02  0.24458748E+00
  0.15447621E+02  0.24430429E+00
  0.15457620E+02  0.24402019E+00
  0.15467620E+02  0.24373518E+00
  0.15477619E+02  0.24344926E+00
  0.15487619E+02  0.24316243E+00
  0.15497618E+02  0.24287471E+00
  0.15507617E+02  0.24258608E+00
  0.15517617E+02  0.24229656E+00
  0.15527616E+02  0.24200615E+00
  0.15537616E+02  0.24171485E+00
  0.15547615E+02  0.24142266E+00
  0.15557614E+02  0.24112958E+00
  0.15567614E+02  0.24083563E+00
  0.15577613E+02  0.24054079E+00
  0.15587613E+02  0.24024507E+00
  0.15597612E+02  0.23994847E+00
  0.15607611E+02  0.23965100E+00
  0.15617611E+02  0.23935265E+00
  0.15627610E+02  0.23905342E+00
  0.15637609E+02  0.23875332E+00
  0.15647609E+02  0.23845235E+00
  0.15657608E+02  0.23815051E+00
  0.15667608E+02  0.23784779E+00
  0.15677607E+02  0.23754420E+00
  0.15687606E+02  0.23723974E+00
  0.15697606E+02  0.23693441E+00
  0.15707605E+02  0.23662821E+00
  0.15717605E+02  0.23632114E+00
  0.15727604E+02  0.23601320E+00
  0.15737603E+02  0.23570439E+00
  0.15747603E+02  0.23539471E+00
  0.15757602E+02  0.23508415E+00
  0.15767602E+02  0.23477272E+00
  0.15777601E+02  0.23446043E+00
  0.15787600E+02  0.23414726E+00
  0.15797600E+02  0.23383321E+00
  0.15807599E+02  0.23351829E+00
  0.15817599E+02  0.23320250E+00
  0.15827598E+02  0.23288584E+00
  0.15837597E+02  0.23256830E+00
  0.15847597E+02  0.23224989E+00
  0.15857596E+02  0.23193060E+00
  0.15867596E+02  0.23161043E+00
  0.15877595E+02  0.23128939E+00
  0.15887594E+02  0.23096747E+00
  0.15897594E+02  0.23064468E+00
  0.15907593E+02  0.23032100E+00
  0.15917593E+02  0.22999645E+00
  0.15927592E+02  0.22967102E+00
  0.15937591E+02  0.22934471E+00
  0.15947591E+02  0.22901753E+00
  0.15957590E+02  0.22868946E+00
  0.15967590E+02  0.22836052E+00
  0.15977589E+02  0.22803070E+00
  0.15987588E+02  0.22770000E+00
  0.15997588E+02  0.22736842E+00
  0.16007587E+02  0.22703596E+00
  0.16017587E+02  0.22670262E+00
  0.16027586E+02  0.22636841E+00
  0.16037585E+02  0.22603332E+00
  0.16047585E+02  0.22569735E+00
  0.16057584E+02  0.22536050E+00
  0.16067583E+02  0.22502278E+00
  0.16077583E+02  0.22468418E+00
  0.16087582E+02  0.22434471E+00
  0.16097582E+02  0.22400437E+00
  0.16107581E+02  0.22366315E+00
  0.16117580E+02  0.22332106E+00
  0.16127580E+02  0.22297811E+00
  0.16137579E+02  0.22263428E+00
  0.16147579E+02  0.22228958E+00
  0.16157578E+02  0.22194402E+00
  0.16167577E+02  0.22159759E+00
  0.16177577E+02  0.22125029E+00
  0.16187576E+02  0.22090213E+00
  0.16197576E+02  0.22055312E+00
  0.16207575E+02  0.22020324E+00
  0.16217574E+02  0.21985250E+00
  0.16227574E+02  0.21950090E+00
  0.16237573E+02  0.21914845E+00
  0.16247573E+02  0.21879515E+00
  0.16257572E+02  0.21844100E+00
  0.16267571E+02  0.21808599E+00
  0.16277571E+02  0.21773014E+00
  0.16287570E+02  0.21737344E+00
  0.16297570E+02  0.21701589E+00
  0.16307569E+02  0.21665750E+00
  0.16317568E+02  0.21629827E+00
  0.16327568E+02  0.21593820E+00
  0.16337567E+02  0.21557730E+00
  0.16347567E+02  0.21521555E+00
  0.16357566E+02  0.21485297E+00
  0.16367565E+02  0.21448956E+00
  0.16377565E+02  0.21412532E+00
  0.16387564E+02  0.21376025E+00
  0.16397564E+02  0.21339435E+00
  0.16407563E+02  0.21302762E+00
  0.16417562E+02  0.21266007E+00
  0.16427562E+02  0.21229169E+00
  0.16437561E+02  0.21192249E+00
  0.16447560E+02  0.21155247E+00
  0.16457560E+02  0.21118163E+00
  0.16467559E+02  0.21080997E+00
  0.16477559E+02  0.21043750E+00
  0.16487558E+02  0.21006421E+00
  0.16497557E+02  0.20969010E+00
  0.16507557E+02  0.20931517E+00
  0.16517556E+02  0.20893944E+00
  0.16527556E+02  0.20856289E+00
  0.16537555E+02  0.20818552E+00
  0.16547554E+02  0.20780735E+00
  0.16557554E+02  0.20742836E+00
  0.16567553E+02  0.20704856E+00
  0.16577553E+02  0.20666796E+00
  0.16587552E+02  0.20628654E+00
  0.16597551E+02  0.20590431E+00
  0.16607551E+02  0.20552126E+00
  0.16617550E+02  0.20513741E+00
  0.16627550E+02  0.20475275E+00
  0.16637549E+02  0.20436728E+00
  0.16647548E+02  0.20398099E+00
  0.16657548E+02  0.20359390E+00
  0.16667547E+02  0.20320599E+00
  0.16677547E+02  0.20281727E+00
  0.16687546E+02  0.20242774E+00
  0.16697545E+02  0.20203740E+00
  0.16707545E+02  0.20164624E+00
  0.16717544E+02  0.20125426E+00
  0.16727544E+02  0.20086148E+00
  0.16737543E+02  0.20046788E+00
  0.16747542E+02  0.20007346E+00
  0.16757542E+02  0.19967822E+00
  0.16767541E+02  0.19928217E+00
  0.16777541E+02  0.19888530E+00
  0.16787540E+02  0.19848761E+00
  0.16797539E+02  0.19808911E+00
  0.16807539E+02  0.19768978E+00
  0.16817538E+02  0.19728963E+00
  0.16827537E+02  0.19688867E+00
  0.16837537E+02  0.19648688E+00
  0.16847536E+02  0.19608427E+00
  0.16857536E+02  0.19568084E+00
  0.16867535E+02  0.19527658E+00
  0.16877534E+02  0.19487151E+00
  0.16887534E+02  0.19446561E+00
  0.16897533E+02  0.19405889E+00
  0.16907533E+02  0.19365135E+00
  0.16917532E+02  0.19324299E+00
  0.16927531E+02  0.19283381E+00
  0.16937531E+02  0.19242381E+00
  0.16947530E+02  0.19201298E+00
  0.16957530E+02  0.19160134E+00
  0.16967529E+02  0.19118889E+00
  0.16977528E+02  0.19077561E+00
  0.16987528E+02  0.19036152E+00
  0.16997527E+02  0.18994662E+00
  0.17007527E+02  0.18953091E+00
  0.17017526E+02  0.18911439E+00
  0.17027525E+02  0.18869706E+00
  0.17037525E+02  0.18827892E+00
  0.17047524E+02  0.18785999E+00
  0.17057524E+02  0.18744025E+00
  0.17067523E+02  0.18701972E+00
  0.17077522E+02  0.18659839E+00
  0.17087522E+02  0.18617628E+00
  0.17097521E+02  0.18575338E+00
  0.17107521E+02  0.18532970E+00
  0.17117520E+02  0.18490524E+00
  0.17127519E+02  0.18448001E+00
  0.17137519E+02  0.18405401E+00
  0.17147518E+02  0.18362725E+00
  0.17157518E+02  0.18319972E+00
  0.17167517E+02  0.18277145E+00
  0.17177516E+02  0.18234243E+00
  0.17187516E+02  0.18191266E+00
  0.17197515E+02  0.18148216E+00
  0.17207514E+02  0.18105094E+00
  0.17217514E+02  0.18061899E+00
  0.17227513E+02  0.18018632E+00
  0.17237513E+02  0.17975294E+00
  0.17247512E+02  0.17931887E+00
  0.17257511E+02  0.17888410E+00
  0.17267511E+02  0.17844864E+00
  0.17277510E+02  0.17801250E+00
  0.17287510E+02  0.17757569E+00
  0.17297509E+02  0.17713822E+00
  0.17307508E+02  0.17670009E+00
  0.17317508E+02  0.17626132E+00
  0.17327507E+02  0.17582191E+00
  0.17337507E+02  0.17538186E+00
  0.17347506E+02  0.17494120E+00
  0.17357505E+02  0.17449993E+00
  0.17367505E+02  0.17405805E+00
  0.17377504E+02  0.17361558E+00
  0.17387504E+02  0.17317253E+00
  0.17397503E+02  0.17272890E+00
  0.17407502E+02  0.17228470E+00
  0.17417502E+02  0.17183995E+00
  0.17427501E+02  0.17139465E+00
  0.17437501E+02  0.17094881E+00
  0.17447500E+02  0.17050244E+00
  0.17457499E+02  0.17005556E+00
  0.17467499E+02  0.16960817E+00
  0.17477498E+02  0.16916027E+00
  0.17487498E+02  0.16871189E+00
  0.17497497E+02  0.16826302E+00
  0.17507496E+02  0.16781369E+00
  0.17517496E+02  0.16736389E+00
  0.17527495E+02  0.16691364E+00
  0.17537495E+02  0.16646294E+00
  0.17547494E+02  0.16601181E+00
  0.17557493E+02  0.16556025E+00
  0.17567493E+02  0.16510828E+00
  0.17577492E+02  0.16465589E+00
  0.17587491E+02  0.16420311E+00
  0.17597491E+02  0.16374993E+00
  0.17607490E+02  0.16329638E+00
  0.17617490E+02  0.16284244E+00
  0.17627489E+02  0.16238814E+00
  0.17637488E+02  0.16193349E+00
  0.17647488E+02  0.16147848E+00
  0.17657487E+02  0.16102312E+00
  0.17667487E+02  0.16056743E+00
  0.17677486E+02  0.16011142E+00
  0.17687485E+02  0.15965508E+00
  0.17697485E+02  0.15919842E+00
  0.17707484E+02  0.15874146E+00
  0.17717484E+02  0.15828420E+00
  0.17727483E+02  0.15782664E+00
  0.17737482E+02  0.15736879E+00
  0.17747482E+02  0.15691067E+00
  0.17757481E+02  0.15645226E+00
  0.17767481E+02  0.15599359E+00
  0.17777480E+02  0.15553465E+00
  0.17787479E+02  0.15507545E+00
  0.17797479E+02  0.15461599E+00
  0.17807478E+02  0.15415629E+00
  0.17817478E+02  0.15369635E+00
  0.17827477E+02  0.15323617E+00
  0.17837476E+02  0.15277576E+00
  0.17847476E+02  0.15231512E+00
  0.17857475E+02  0.15185426E+00
  0.17867475E+02  0.15139318E+00
  0.17877474E+02  0.15093189E+00
  0.17887473E+02  0.15047039E+00
  0.17897473E+02  0.15000869E+00
  0.17907472E+02  0.14954679E+00
  0.17917472E+02  0.14908470E+00
  0.17927471E+02  0.14862243E+00
  0.17937470E+02  0.14815997E+00
  0.17947470E+02  0.14769734E+00
  0.17957469E+02  0.14723453E+00
  0.17967469E+02  0.14677157E+00
  0.17977468E+02  0.14630844E+00
  0.17987467E+02  0.14584517E+00
  0.17997467E+02  0.14538174E+00
  0.18007466E+02  0.14491818E+00
  0.18017465E+02  0.14445449E+00
  0.18027465E+02  0.14399067E+00
  0.18037464E+02  0.14352674E+00
  0.18047464E+02  0.14306270E+00
  0.18057463E+02  0.14259856E+00
  0.18067462E+02  0.14213432E+00
  0.18077462E+02  0.14167001E+00
  0.18087461E+02  0.14120563E+00
  0.18097461E+02  0.14074118E+00
  0.18107460E+02  0.14027669E+00
  0.18117459E+02  0.13981216E+00
  0.18127459E+02  0.13934760E+00
  0.18137458E+02  0.13888303E+00
  0.18147458E+02  0.13841847E+00
  0.18157457E+02  0.13795392E+00
  0.18167456E+02  0.13748940E+00
  0.18177456E+02  0.13702493E+00
  0.18187455E+02  0.13656053E+00
  0.18197455E+02  0.13609621E+00
  0.18207454E+02  0.13563200E+00
  0.18217453E+02  0.13516791E+00
  0.18227453E+02  0.13470396E+00
  0.18237452E+02  0.13424018E+00
  0.18247452E+02  0.13377659E+00
  0.18257451E+02  0.13331322E+00
  0.18267450E+02  0.13285008E+00
  0.18277450E+02  0.13238721E+00
  0.18287449E+02  0.13192464E+00
  0.18297449E+02  0.13146239E+00
  0.18307448E+02  0.13100049E+00
  0.18317447E+02  0.13053899E+00
  0.18327447E+02  0.13007790E+00
  0.18337446E+02  0.12961726E+00
  0.18347446E+02  0.12915712E+00
  0.18357445E+02  0.12869751E+00
  0.18367444E+02  0.12823847E+00
  0.18377444E+02  0.12778004E+00
  0.18387443E+02  0.12732227E+00
  0.18397442E+02  0.12686519E+00
  0.18407442E+02  0.12640886E+00
  0.18417441E+02  0.12595332E+00
  0.18427441E+02  0.12549863E+00
  0.18437440E+02  0.12504483E+00
  0.18447439E+02  0.12459198E+00
  0.18457439E+02  0.12414013E+00
  0.18467438E+02  0.12368935E+00
  0.18477438E+02  0.12323969E+00
  0.18487437E+02  0.12279122E+00
  0.18497436E+02  0.12234400E+00
  0.18507436E+02  0.12189809E+00
  0.18517435E+02  0.12145357E+00
  0.18527435E+02  0.12101051E+00
  0.18537434E+02  0.12056897E+00
  0.18547433E+02  0.12012904E+00
  0.18557433E+02  0.11969080E+00
  0.18567432E+02  0.11925432E+00
  0.18577432E+02  0.11881969E+00
  0.18587431E+02  0.11838699E+00
  0.18597430E+02  0.11795631E+00
  0.18607430E+02  0.11752775E+00
  0.18617429E+02  0.11710139E+00
  0.18627429E+02  0.11667734E+00
  0.18637428E+02  0.11625570E+00
  0.18647427E+02  0.11583656E+00
  0.18657427E+02  0.11542003E+00
  0.18667426E+02  0.11500623E+00
  0.18677426E+02  0.11459526E+00
  0.18687425E+02  0.11418723E+00
  0.18697424E+02  0.11378227E+00
  0.18707424E+02  0.11338050E+00
  0.18717423E+02  0.11298204E+00
  0.18727423E+02  0.11258702E+00
  0.18737422E+02  0.11219557E+00
  0.18747421E+02  0.11180783E+00
  0.18757421E+02  0.11142392E+00
  0.18767420E+02  0.11104401E+00
  0.18777419E+02  0.11066822E+00
  0.18787419E+02  0.11029671E+00
  0.18797418E+02  0.10992964E+00
  0.18807418E+02  0.10956716E+00
  0.18817417E+02  0.10920942E+00
  0.18827416E+02  0.10885660E+00
  0.18837416E+02  0.10850886E+00
  0.18847415E+02  0.10816638E+00
  0.18857415E+02  0.10782933E+00
  0.18867414E+02  0.10749789E+00
  0.18877413E+02  0.10717225E+00
  0.18887413E+02  0.10685259E+00
  0.18897412E+02  0.10653911E+00
  0.18907412E+02  0.10623201E+00
  0.18917411E+02  0.10593148E+00
  0.18927410E+02  0.10563774E+00
  0.18937410E+02  0.10535100E+00
  0.18947409E+02  0.10507146E+00
  0.18957409E+02  0.10479936E+00
  0.18967408E+02  0.10453491E+00
  0.18977407E+02  0.10427834E+00
  0.18987407E+02  0.10402988E+00
  0.18997406E+02  0.10378978E+00
  0.19007406E+02  0.10355828E+00
  0.19017405E+02  0.10333561E+00
  0.19027404E+02  0.10312204E+00
  0.19037404E+02  0.10291782E+00
  0.19047403E+02  0.10272321E+00
  0.19057403E+02  0.10253848E+00
  0.19067402E+02  0.10236389E+00
  0.19077401E+02  0.10219972E+00
  0.19087401E+02  0.10204625E+00
  0.19097400E+02  0.10190375E+00
  0.19107400E+02  0.10177253E+00
  0.19117399E+02  0.10165287E+00
  0.19127398E+02  0.10154506E+00
  0.19137398E+02  0.10144941E+00
  0.19147397E+02  0.10136622E+00
  0.19157396E+02  0.10129579E+00
  0.19167396E+02  0.10123845E+00
  0.19177395E+02  0.10119449E+00
  0.19187395E+02  0.10116425E+00
  0.19197394E+02  0.10114805E+00
  0.19207393E+02  0.10114620E+00
  0.19217393E+02  0.10115904E+00
  0.19227392E+02  0.10118691E+00
  0.19237392E+02  0.10123012E+00
  0.19247391E+02  0.10128902E+00
  0.19257390E+02  0.10136394E+00
  0.19267390E+02  0.10145523E+00
  0.19277389E+02  0.10156323E+00
  0.19287389E+02  0.10168827E+00
  0.19297388E+02  0.10183070E+00
  0.19307387E+02  0.10199087E+00
  0.19317387E+02  0.10216912E+00
  0.19327386E+02  0.10236579E+00
  0.19337386E+02  0.10258122E+00
  0.19347385E+02  0.10281575E+00
  0.19357384E+02  0.10306974E+00
  0.19367384E+02  0.10334351E+00
  0.19377383E+02  0.10363739E+00
  0.19387383E+02  0.10395174E+00
  0.19397382E+02  0.10428686E+00
  0.19407381E+02  0.10464310E+00
  0.19417381E+02  0.10502077E+00
  0.19427380E+02  0.10542018E+00
  0.19437380E+02  0.10584165E+00
  0.19447379E+02  0.10628549E+00
  0.19457378E+02  0.10675198E+00
  0.19467378E+02  0.10724143E+00
  0.19477377E+02  0.10775410E+00
  0.19487377E+02  0.10829029E+00
  0.19497376E+02  0.10885024E+00
  0.19507375E+02  0.10943422E+00
  0.19517375E+02  0.11004247E+00
  0.19527374E+02  0.11067522E+00
  0.19537373E+02  0.11133268E+00
  0.19547373E+02  0.11201508E+00
  0.19557372E+02  0.11272259E+00
  0.19567372E+02  0.11345540E+00
  0.19577371E+02  0.11421368E+00
  0.19587370E+02  0.11499757E+00
  0.19597370E+02  0.11580720E+00
  0.19607369E+02  0.11664270E+00
  0.19617369E+02  0.11750415E+00
  0.19627368E+02  0.11839165E+00
  0.19637367E+02  0.11930525E+00
  0.19647367E+02  0.12024499E+00
  0.19657366E+02  0.12121090E+00
  0.19667366E+02  0.12220297E+00
  0.19677365E+02  0.12322120E+00
  0.19687364E+02  0.12426555E+00
  0.19697364E+02  0.12533595E+00
  0.19707363E+02  0.12643233E+00
  0.19717363E+02  0.12755459E+00
  0.19727362E+02  0.12870260E+00
  0.19737361E+02  0.12987623E+00
  0.19747361E+02  0.13107531E+00
  0.19757360E+02  0.13229968E+00
  0.19767360E+02  0.13354914E+00
  0.19777359E+02  0.13482349E+00
  0.19787358E+02  0.13612251E+00
  0.19797358E+02  0.13744598E+00
  0.19807357E+02  0.13879367E+00
  0.19817357E+02  0.14016538E+00
  0.19827356E+02  0.14156088E+00
  0.19837355E+02  0.14298001E+00
  0.19847355E+02  0.14442260E+00
  0.19857354E+02  0.14588857E+00
  0.19867354E+02  0.14737786E+00
  0.19877353E+02  0.14889053E+00
  0.19887352E+02  0.15042674E+00
  0.19897352E+02  0.15198680E+00
  0.19907351E+02  0.15357117E+00
  0.19917351E+02  0.15518056E+00
  0.19927350E+02  0.15681592E+00
  0.19937349E+02  0.15847855E+00
  0.19947349E+02  0.16017012E+00
  0.19957348E+02  0.16189279E+00
  0.19967347E+02  0.16364928E+00
  0.19977347E+02  0.16544300E+00
  0.19987346E+02  0.16727817E+00
  0.19997346E+02  0.16916002E+00
  0.20007345E+02  0.17109493E+00
  0.20017344E+02  0.17309068E+00
  0.20027344E+02  0.17515678E+00
  0.20037343E+02  0.17730473E+00
  0.20047343E+02  0.17954854E+00
  0.20057342E+02  0.18190517E+00
  0.20067341E+02  0.18439533E+00
  0.20077341E+02  0.18704434E+00
  0.20087340E+02  0.18988367E+00
  0.20097340E+02  0.19295326E+00
  0.20107339E+02  0.19630595E+00
  0.20117338E+02  0.20001619E+00
  0.20127338E+02  0.20419695E+00
  0.20137337E+02  0.20903103E+00
  0.20147337E+02  0.21482216E+00
  0.20157336E+02  0.22206458E+00
  0.20167335E+02  0.23151897E+00
  0.20177335E+02  0.24428895E+00
  0.20187334E+02  0.26193458E+00
  0.20197334E+02  0.28659007E+00
  0.20207333E+02  0.32034527E+00
  0.20217332E+02  0.36199628E+00
  0.20227332E+02  0.42764838E+00
  0.20237331E+02  0.68102550E+00
  0.20247331E+02  0.42276246E+00
  0.20257330E+02  0.40231426E+00
  0.20267329E+02  0.37749844E+00
  0.20277329E+02  0.35777302E+00
  0.20287328E+02  0.34547459E+00
  0.20297328E+02  0.33902327E+00
  0.20307327E+02  0.33622208E+00
  0.20317326E+02  0.33550675E+00
  0.20327326E+02  0.33594564E+00
  0.20337325E+02  0.33700054E+00
  0.20347324E+02  0.33836844E+00
  0.20357324E+02  0.33989176E+00
  0.20367323E+02  0.34149828E+00
  0.20377323E+02  0.34315835E+00
  0.20387322E+02  0.34485769E+00
  0.20397321E+02  0.34658288E+00
  0.20407321E+02  0.34831600E+00
  0.20417320E+02  0.35003451E+00
  0.20427320E+02  0.35171345E+00
  0.20437319E+02  0.35332787E+00
  0.20447318E+02  0.35485482E+00
  0.20457318E+02  0.35627442E+00
  0.20467317E+02  0.35757018E+00
  0.20477317E+02  0.35872881E+00
  0.20487316E+02  0.35973982E+00
  0.20497315E+02  0.36059511E+00
  0.20507315E+02  0.36128855E+00
  0.20517314E+02  0.36181583E+00
  0.20527314E+02  0.36217433E+00
  0.20537313E+02  0.36236311E+00
  0.20547312E+02  0.36238302E+00
  0.20557312E+02  0.36223672E+00
  0.20567311E+02  0.36192877E+00
  0.20577311E+02  0.36146566E+00
  0.20587310E+02  0.36085571E+00
  0.20597309E+02  0.36010899E+00
  0.20607309E+02  0.35923715E+00
  0.20617308E+02  0.35825317E+00
  0.20627308E+02  0.35717108E+00
  0.20637307E+02  0.35600566E+00
  0.20647306E+02  0.35477209E+00
  0.20657306E+02  0.35348563E+00
  0.20667305E+02  0.35216131E+00
  0.20677305E+02  0.35081365E+00
  0.20687304E+02  0.34945634E+00
  0.20697303E+02  0.34810213E+00
  0.20707303E+02  0.34676258E+00
  0.20717302E+02  0.34544797E+00
  0.20727301E+02  0.34416726E+00
  0.20737301E+02  0.34292801E+00
  0.20747300E+02  0.34173644E+00
  0.20757300E+02  0.34059745E+00
  0.20767299E+02  0.33951471E+00
  0.20777298E+02  0.33849074E+00
  0.20787298E+02  0.33752704E+00
  0.20797297E+02  0.33662419E+00
  0.20807297E+02  0.33578199E+00
  0.20817296E+02  0.33499958E+00
  0.20827295E+02  0.33427553E+00
  0.20837295E+02  0.33360801E+00
  0.20847294E+02  0.33299482E+00
  0.20857294E+02  0.33243354E+00
  0.20867293E+02  0.33192159E+00
  0.20877292E+02  0.33145629E+00
  0.20887292E+02  0.33103493E+00
  0.20897291E+02  0.33065480E+00
  0.20907291E+02  0.33031326E+00
  0.20917290E+02  0.33000774E+00
  0.20927289E+02  0.32973577E+00
  0.20937289E+02  0.32949499E+00
  0.20947288E+02  0.32928316E+00
  0.20957288E+02  0.32909819E+00
  0.20967287E+02  0.32893807E+00
  0.20977286E+02  0.32880095E+00
  0.20987286E+02  0.32868510E+00
  0.20997285E+02  0.32858886E+00
  0.21007285E+02  0.32851073E+00
  0.21017284E+02  0.32844927E+00
  0.21027283E+02  0.32840314E+00
  0.21037283E+02  0.32837111E+00
  0.21047282E+02  0.32835201E+00
  0.21057282E+02  0.32834473E+00
  0.21067281E+02  0.32834826E+00
  0.21077280E+02  0.32836164E+00
  0.21087280E+02  0.32838397E+00
  0.21097279E+02  0.32841442E+00
  0.21107278E+02  0.32845220E+00
  0.21117278E+02  0.32849659E+00
  0.21127277E+02  0.32854690E+00
  0.21137277E+02  0.32860250E+00
  0.21147276E+02  0.32866282E+00
  0.21157275E+02  0.32872729E+00
  0.21167275E+02  0.32879544E+00
  0.21177274E+02  0.32886678E+00
  0.21187274E+02  0.32894091E+00
  0.21197273E+02  0.32901742E+00
  0.21207272E+02  0.32909596E+00
  0.21217272E+02  0.32917620E+00
  0.21227271E+02  0.32925785E+00
  0.21237271E+02  0.32934063E+00
  0.21247270E+02  0.32942430E+00
  0.21257269E+02  0.32950862E+00
  0.21267269E+02  0.32959341E+00
  0.21277268E+02  0.32967847E+00
  0.21287268E+02  0.32976365E+00
  0.21297267E+02  0.32984879E+00
  0.21307266E+02  0.32993379E+00
  0.21317266E+02  0.33001851E+00
  0.21327265E+02  0.33010288E+00
  0.21337265E+02  0.33018680E+00
  0.21347264E+02  0.33027023E+00
  0.21357263E+02  0.33035311E+00
  0.21367263E+02  0.33043540E+00
  0.21377262E+02  0.33051709E+00
  0.21387262E+02  0.33059818E+00
  0.21397261E+02  0.33067868E+00
  0.21407260E+02  0.33075861E+00
  0.21417260E+02  0.33083802E+00
  0.21427259E+02  0.33091697E+00
  0.21437259E+02  0.33099553E+00
  0.21447258E+02  0.33107377E+00
  0.21457257E+02  0.33115182E+00
  0.21467257E+02  0.33122978E+00
  0.21477256E+02  0.33130777E+00
  0.21487256E+02  0.33138596E+00
  0.21497255E+02  0.33146449E+00
  0.21507254E+02  0.33154354E+00
  0.21517254E+02  0.33162329E+00
  0.21527253E+02  0.33170393E+00
  0.21537252E+02  0.33178568E+00
  0.21547252E+02  0.33186874E+00
  0.21557251E+02  0.33195334E+00
  0.21567251E+02  0.33203971E+00
  0.21577250E+02  0.33212810E+00
  0.21587249E+02  0.33221875E+00
  0.21597249E+02  0.33231190E+00
  0.21607248E+02  0.33240783E+00
  0.21617248E+02  0.33250677E+00
  0.21627247E+02  0.33260899E+00
  0.21637246E+02  0.33271475E+00
  0.21647246E+02  0.33282431E+00
  0.21657245E+02  0.33293791E+00
  0.21667245E+02  0.33305580E+00
  0.21677244E+02  0.33317824E+00
  0.21687243E+02  0.33330546E+00
  0.21697243E+02  0.33343769E+00
  0.21707242E+02  0.33357515E+00
  0.21717242E+02  0.33371805E+00
  0.21727241E+02  0.33386660E+00
  0.21737240E+02  0.33402098E+00
  0.21747240E+02  0.33418138E+00
  0.21757239E+02  0.33434795E+00
  0.21767239E+02  0.33452085E+00
  0.21777238E+02  0.33470021E+00
  0.21787237E+02  0.33488615E+00
  0.21797237E+02  0.33507877E+00
  0.21807236E+02  0.33527816E+00
  0.21817236E+02  0.33548439E+00
  0.21827235E+02  0.33569752E+00
  0.21837234E+02  0.33591758E+00
  0.21847234E+02  0.33614461E+00
  0.21857233E+02  0.33637861E+00
  0.21867233E+02  0.33661959E+00
  0.21877232E+02  0.33686754E+00
  0.21887231E+02  0.33712244E+00
  0.21897231E+02  0.33738428E+00
  0.21907230E+02  0.33765305E+00
  0.21917229E+02  0.33792874E+00
  0.21927229E+02  0.33821137E+00
  0.21937228E+02  0.33850101E+00
  0.21947228E+02  0.33879773E+00
  0.21957227E+02  0.33910171E+00
  0.21967226E+02  0.33941319E+00
  0.21977226E+02  0.33973251E+00
  0.21987225E+02  0.34006015E+00
  0.21997225E+02  0.34039676E+00
  0.22007224E+02  0.34074318E+00
  0.22017223E+02  0.34110049E+00
  0.22027223E+02  0.34147004E+00
  0.22037222E+02  0.34185350E+00
  0.22047222E+02  0.34225286E+00
  0.22057221E+02  0.34267055E+00
  0.22067220E+02  0.34310952E+00
  0.22077220E+02  0.34357384E+00
  0.22087219E+02  0.34407032E+00
  0.22097219E+02  0.34461334E+00
  0.22107218E+02  0.34523674E+00
  0.22117217E+02  0.34602447E+00
  0.22127217E+02  0.34720055E+00
  0.22137216E+02  0.34935031E+00
  0.22147216E+02  0.35358323E+00
  0.22157215E+02  0.36059831E+00
  0.22167214E+02  0.39395609E+00
  0.22177214E+02  0.39800812E+00
  0.22187213E+02  0.37108379E+00
  0.22197213E+02  0.39295062E+00
  0.22207212E+02  0.36415182E+00
  0.22217211E+02  0.36193006E+00
  0.22227211E+02  0.36028196E+00
  0.22237210E+02  0.35914456E+00
  0.22247210E+02  0.35859518E+00
  0.22257209E+02  0.35857907E+00
  0.22267208E+02  0.35892363E+00
  0.22277208E+02  0.35944280E+00
  0.22287207E+02  0.36000041E+00
  0.22297206E+02  0.36052006E+00
  0.22307206E+02  0.36096997E+00
  0.22317205E+02  0.36134575E+00
  0.22327205E+02  0.36165899E+00
  0.22337204E+02  0.36193105E+00
  0.22347203E+02  0.36218928E+00
  0.22357203E+02  0.36246348E+00
  0.22367202E+02  0.36278186E+00
  0.22377202E+02  0.36316638E+00
  0.22387201E+02  0.36362809E+00
  0.22397200E+02  0.36416324E+00
  0.22407200E+02  0.36475140E+00
  0.22417199E+02  0.36535634E+00
  0.22427199E+02  0.36593024E+00
  0.22437198E+02  0.36642133E+00
  0.22447197E+02  0.36678403E+00
  0.22457197E+02  0.36699083E+00
  0.22467196E+02  0.36704438E+00
  0.22477196E+02  0.36698851E+00
  0.22487195E+02  0.36691624E+00
  0.22497194E+02  0.36697341E+00
  0.22507194E+02  0.36735601E+00
  0.22517193E+02  0.36828771E+00
  0.22527193E+02  0.36993339E+00
  0.22537192E+02  0.37220446E+00
  0.22547191E+02  0.37455117E+00
  0.22557191E+02  0.37604020E+00
  0.22567190E+02  0.37588577E+00
  0.22577190E+02  0.37404584E+00
  0.22587189E+02  0.37125360E+00
  0.22597188E+02  0.36845019E+00
  0.22607188E+02  0.36622982E+00
  0.22617187E+02  0.36473031E+00
  0.22627187E+02  0.36383252E+00
  0.22637186E+02  0.36335959E+00
  0.22647185E+02  0.36316263E+00
  0.22657185E+02  0.36313474E+00
  0.22667184E+02  0.36320449E+00
  0.22677183E+02  0.36332691E+00
  0.22687183E+02  0.36347517E+00
  0.22697182E+02  0.36363400E+00
  0.22707182E+02  0.36379505E+00
  0.22717181E+02  0.36395399E+00
  0.22727180E+02  0.36410875E+00
  0.22737180E+02  0.36425845E+00
  0.22747179E+02  0.36440287E+00
  0.22757179E+02  0.36454212E+00
  0.22767178E+02  0.36467644E+00
  0.22777177E+02  0.36480614E+00
  0.22787177E+02  0.36493156E+00
  0.22797176E+02  0.36505306E+00
  0.22807176E+02  0.36517101E+00
  0.22817175E+02  0.36528576E+00
  0.22827174E+02  0.36539767E+00
  0.22837174E+02  0.36550710E+00
  0.22847173E+02  0.36561437E+00
  0.22857173E+02  0.36571982E+00
  0.22867172E+02  0.36582376E+00
  0.22877171E+02  0.36592648E+00
  0.22887171E+02  0.36602826E+00
  0.22897170E+02  0.36612935E+00
  0.22907170E+02  0.36622998E+00
  0.22917169E+02  0.36633037E+00
  0.22927168E+02  0.36643069E+00
  0.22937168E+02  0.36653111E+00
  0.22947167E+02  0.36663176E+00
  0.22957167E+02  0.36673275E+00
  0.22967166E+02  0.36683418E+00
  0.22977165E+02  0.36693609E+00
  0.22987165E+02  0.36703853E+00
  0.22997164E+02  0.36714151E+00
  0.23007164E+02  0.36724503E+00
  0.23017163E+02  0.36734906E+00
  0.23027162E+02  0.36745355E+00
  0.23037162E+02  0.36755844E+00
  0.23047161E+02  0.36766366E+00
  0.23057160E+02  0.36776910E+00
  0.23067160E+02  0.36787466E+00
  0.23077159E+02  0.36798023E+00
  0.23087159E+02  0.36808567E+00
  0.23097158E+02  0.36819085E+00
  0.23107157E+02  0.36829564E+00
  0.23117157E+02  0.36839988E+00
  0.23127156E+02  0.36850344E+00
  0.23137156E+02  0.36860615E+00
  0.23147155E+02  0.36870788E+00
  0.23157154E+02  0.36880847E+00
  0.23167154E+02  0.36890778E+00
  0.23177153E+02  0.36900568E+00
  0.23187153E+02  0.36910202E+00
  0.23197152E+02  0.36919668E+00
  0.23207151E+02  0.36928954E+00
  0.23217151E+02  0.36938047E+00
  0.23227150E+02  0.36946937E+00
  0.23237150E+02  0.36955614E+00
  0.23247149E+02  0.36964070E+00
  0.23257148E+02  0.36972295E+00
  0.23267148E+02  0.36980282E+00
  0.23277147E+02  0.36988026E+00
  0.23287147E+02  0.36995521E+00
  0.23297146E+02  0.37002761E+00
  0.23307145E+02  0.37009744E+00
  0.23317145E+02  0.37016467E+00
  0.23327144E+02  0.37022927E+00
  0.23337144E+02  0.37029123E+00
  0.23347143E+02  0.37035055E+00
  0.23357142E+02  0.37040723E+00
  0.23367142E+02  0.37046129E+00
  0.23377141E+02  0.37051273E+00
  0.23387141E+02  0.37056158E+00
  0.23397140E+02  0.37060786E+00
  0.23407139E+02  0.37065162E+00
  0.23417139E+02  0.37069287E+00
  0.23427138E+02  0.37073167E+00
  0.23437138E+02  0.37076805E+00
  0.23447137E+02  0.37080207E+00
  0.23457136E+02  0.37083376E+00
  0.23467136E+02  0.37086318E+00
  0.23477135E+02  0.37089038E+00
  0.23487134E+02  0.37091542E+00
  0.23497134E+02  0.37093834E+00
  0.23507133E+02  0.37095919E+00
  0.23517133E+02  0.37097803E+00
  0.23527132E+02  0.37099492E+00
  0.23537131E+02  0.37100989E+00
  0.23547131E+02  0.37102301E+00
  0.23557130E+02  0.37103431E+00
  0.23567130E+02  0.37104384E+00
  0.23577129E+02  0.37105166E+00
  0.23587128E+02  0.37105779E+00
  0.23597128E+02  0.37106229E+00
  0.23607127E+02  0.37106518E+00
  0.23617127E+02  0.37106650E+00
  0.23627126E+02  0.37106629E+00
  0.23637125E+02  0.37106457E+00
  0.23647125E+02  0.37106137E+00
  0.23657124E+02  0.37105672E+00
  0.23667124E+02  0.37105062E+00
  0.23677123E+02  0.37104311E+00
  0.23687122E+02  0.37103420E+00
  0.23697122E+02  0.37102390E+00
  0.23707121E+02  0.37101222E+00
  0.23717121E+02  0.37099917E+00
  0.23727120E+02  0.37098476E+00
  0.23737119E+02  0.37096898E+00
  0.23747119E+02  0.37095184E+00
  0.23757118E+02  0.37093334E+00
  0.23767118E+02  0.37091347E+00
  0.23777117E+02  0.37089223E+00
  0.23787116E+02  0.37086961E+00
  0.23797116E+02  0.37084561E+00
  0.23807115E+02  0.37082021E+00
  0.23817115E+02  0.37079341E+00
  0.23827114E+02  0.37076519E+00
  0.23837113E+02  0.37073553E+00
  0.23847113E+02  0.37070443E+00
  0.23857112E+02  0.37067187E+00
  0.23867111E+02  0.37063783E+00
  0.23877111E+02  0.37060231E+00
  0.23887110E+02  0.37056527E+00
  0.23897110E+02  0.37052672E+00
  0.23907109E+02  0.37048662E+00
  0.23917108E+02  0.37044497E+00
  0.23927108E+02  0.37040175E+00
  0.23937107E+02  0.37035695E+00
  0.23947107E+02  0.37031054E+00
  0.23957106E+02  0.37026251E+00
  0.23967105E+02  0.37021286E+00
  0.23977105E+02  0.37016156E+00
  0.23987104E+02  0.37010860E+00
  0.23997104E+02  0.37005398E+00
  0.24007103E+02  0.36999767E+00
  0.24017102E+02  0.36993967E+00
  0.24027102E+02  0.36987997E+00
  0.24037101E+02  0.36981856E+00
  0.24047101E+02  0.36975543E+00
  0.24057100E+02  0.36969058E+00
  0.24067099E+02  0.36962399E+00
  0.24077099E+02  0.36955568E+00
  0.24087098E+02  0.36948562E+00
  0.24097098E+02  0.36941382E+00
  0.24107097E+02  0.36934027E+00
  0.24117096E+02  0.36926498E+00
  0.24127096E+02  0.36918795E+00
  0.24137095E+02  0.36910918E+00
  0.24147095E+02  0.36902867E+00
  0.24157094E+02  0.36894642E+00
  0.24167093E+02  0.36886244E+00
  0.24177093E+02  0.36877673E+00
  0.24187092E+02  0.36868931E+00
  0.24197092E+02  0.36860017E+00
  0.24207091E+02  0.36850933E+00
  0.24217090E+02  0.36841680E+00
  0.24227090E+02  0.36832259E+00
  0.24237089E+02  0.36822670E+00
  0.24247088E+02  0.36812916E+00
  0.24257088E+02  0.36802996E+00
  0.24267087E+02  0.36792914E+00
  0.24277087E+02  0.36782670E+00
  0.24287086E+02  0.36772265E+00
  0.24297085E+02  0.36761702E+00
  0.24307085E+02  0.36750981E+00
  0.24317084E+02  0.36740105E+00
  0.24327084E+02  0.36729076E+00
  0.24337083E+02  0.36717895E+00
  0.24347082E+02  0.36706563E+00
  0.24357082E+02  0.36695084E+00
  0.24367081E+02  0.36683459E+00
  0.24377081E+02  0.36671690E+00
  0.24387080E+02  0.36659779E+00
  0.24397079E+02  0.36647728E+00
  0.24407079E+02  0.36635540E+00
  0.24417078E+02  0.36623216E+00
  0.24427078E+02  0.36610759E+00
  0.24437077E+02  0.36598171E+00
  0.24447076E+02  0.36585454E+00
  0.24457076E+02  0.36572611E+00
  0.24467075E+02  0.36559643E+00
  0.24477075E+02  0.36546554E+00
  0.24487074E+02  0.36533344E+00
  0.24497073E+02  0.36520018E+00
  0.24507073E+02  0.36506576E+00
  0.24517072E+02  0.36493022E+00
  0.24527072E+02  0.36479358E+00
  0.24537071E+02  0.36465585E+00
  0.24547070E+02  0.36451707E+00
  0.24557070E+02  0.36437725E+00
  0.24567069E+02  0.36423642E+00
  0.24577069E+02  0.36409461E+00
  0.24587068E+02  0.36395183E+00
  0.24597067E+02  0.36380810E+00
  0.24607067E+02  0.36366345E+00
  0.24617066E+02  0.36351791E+00
  0.24627065E+02  0.36337148E+00
  0.24637065E+02  0.36322420E+00
  0.24647064E+02  0.36307609E+00
  0.24657064E+02  0.36292716E+00
  0.24667063E+02  0.36277743E+00
  0.24677062E+02  0.36262693E+00
  0.24687062E+02  0.36247567E+00
  0.24697061E+02  0.36232368E+00
  0.24707061E+02  0.36217097E+00
  0.24717060E+02  0.36201756E+00
  0.24727059E+02  0.36186347E+00
  0.24737059E+02  0.36170871E+00
  0.24747058E+02  0.36155331E+00
  0.24757058E+02  0.36139727E+00
  0.24767057E+02  0.36124061E+00
  0.24777056E+02  0.36108335E+00
  0.24787056E+02  0.36092550E+00
  0.24797055E+02  0.36076708E+00
  0.24807055E+02  0.36060809E+00
  0.24817054E+02  0.36044856E+00
  0.24827053E+02  0.36028848E+00
  0.24837053E+02  0.36012788E+00
  0.24847052E+02  0.35996676E+00
  0.24857052E+02  0.35980513E+00
  0.24867051E+02  0.35964300E+00
  0.24877050E+02  0.35948038E+00
  0.24887050E+02  0.35931727E+00
  0.24897049E+02  0.35915369E+00
  0.24907049E+02  0.35898963E+00
  0.24917048E+02  0.35882510E+00
  0.24927047E+02  0.35866012E+00
  0.24937047E+02  0.35849467E+00
  0.24947046E+02  0.35832876E+00
  0.24957046E+02  0.35816241E+00
  0.24967045E+02  0.35799559E+00
  0.24977044E+02  0.35782833E+00
  0.24987044E+02  0.35766061E+00
  0.24997043E+02  0.35749243E+00
  0.25007042E+02  0.35732380E+00
  0.25017042E+02  0.35715471E+00
  0.25027041E+02  0.35698516E+00
  0.25037041E+02  0.35681514E+00
  0.25047040E+02  0.35664465E+00
  0.25057039E+02  0.35647369E+00
  0.25067039E+02  0.35630224E+00
  0.25077038E+02  0.35613030E+00
  0.25087038E+02  0.35595787E+00
  0.25097037E+02  0.35578493E+00
  0.25107036E+02  0.35561148E+00
  0.25117036E+02  0.35543751E+00
  0.25127035E+02  0.35526300E+00
  0.25137035E+02  0.35508795E+00
  0.25147034E+02  0.35491235E+00
  0.25157033E+02  0.35473618E+00
  0.25167033E+02  0.35455944E+00
  0.25177032E+02  0.35438210E+00
  0.25187032E+02  0.35420416E+00
  0.25197031E+02  0.35402561E+00
  0.25207030E+02  0.35384643E+00
  0.25217030E+02  0.35366660E+00
  0.25227029E+02  0.35348611E+00
  0.25237029E+02  0.35330495E+00
  0.25247028E+02  0.35312309E+00
  0.25257027E+02  0.35294054E+00
  0.25267027E+02  0.35275726E+00
  0.25277026E+02  0.35257325E+00
  0.25287026E+02  0.35238848E+00
  0.25297025E+02  0.35220294E+00
  0.25307024E+02  0.35201662E+00
  0.25317024E+02  0.35182950E+00
  0.25327023E+02  0.35164156E+00
  0.25337023E+02  0.35145278E+00
  0.25347022E+02  0.35126315E+00
  0.25357021E+02  0.35107266E+00
  0.25367021E+02  0.35088128E+00
  0.25377020E+02  0.35068900E+00
  0.25387020E+02  0.35049580E+00
  0.25397019E+02  0.35030167E+00
  0.25407018E+02  0.35010659E+00
  0.25417018E+02  0.34991055E+00
  0.25427017E+02  0.34971353E+00
  0.25437016E+02  0.34951552E+00
  0.25447016E+02  0.34931650E+00
  0.25457015E+02  0.34911645E+00
  0.25467015E+02  0.34891538E+00
  0.25477014E+02  0.34871325E+00
  0.25487013E+02  0.34851006E+00
  0.25497013E+02  0.34830581E+00
  0.25507012E+02  0.34810046E+00
  0.25517012E+02  0.34789403E+00
  0.25527011E+02  0.34768648E+00
  0.25537010E+02  0.34747783E+00
  0.25547010E+02  0.34726805E+00
  0.25557009E+02  0.34705714E+00
  0.25567009E+02  0.34684509E+00
  0.25577008E+02  0.34663190E+00
  0.25587007E+02  0.34641755E+00
  0.25597007E+02  0.34620205E+00
  0.25607006E+02  0.34598539E+00
  0.25617006E+02  0.34576757E+00
  0.25627005E+02  0.34554859E+00
  0.25637004E+02  0.34532844E+00
  0.25647004E+02  0.34510712E+00
  0.25657003E+02  0.34488464E+00
  0.25667003E+02  0.34466099E+00
  0.25677002E+02  0.34443619E+00
  0.25687001E+02  0.34421023E+00
  0.25697001E+02  0.34398311E+00
  0.25707000E+02  0.34375485E+00
  0.25717000E+02  0.34352545E+00
  0.25726999E+02  0.34329492E+00
  0.25736998E+02  0.34306326E+00
  0.25746998E+02  0.34283050E+00
  0.25756997E+02  0.34259663E+00
  0.25766997E+02  0.34236167E+00
  0.25776996E+02  0.34212564E+00
  0.25786995E+02  0.34188855E+00
  0.25796995E+02  0.34165041E+00
  0.25806994E+02  0.34141124E+00
  0.25816993E+02  0.34117106E+00
  0.25826993E+02  0.34092989E+00
  0.25836992E+02  0.34068775E+00
  0.25846992E+02  0.34044466E+00
  0.25856991E+02  0.34020064E+00
  0.25866990E+02  0.33995571E+00
  0.25876990E+02  0.33970990E+00
  0.25886989E+02  0.33946323E+00
  0.25896989E+02  0.33921573E+00
  0.25906988E+02  0.33896743E+00
  0.25916987E+02  0.33871835E+00
  0.25926987E+02  0.33846852E+00
  0.25936986E+02  0.33821797E+00
  0.25946986E+02  0.33796674E+00
  0.25956985E+02  0.33771486E+00
  0.25966984E+02  0.33746234E+00
  0.25976984E+02  0.33720924E+00
  0.25986983E+02  0.33695558E+00
  0.25996983E+02  0.33670140E+00
  0.26006982E+02  0.33644674E+00
  0.26016981E+02  0.33619162E+00
  0.26026981E+02  0.33593608E+00
  0.26036980E+02  0.33568017E+00
  0.26046980E+02  0.33542392E+00
  0.26056979E+02  0.33516737E+00
  0.26066978E+02  0.33491055E+00
  0.26076978E+02  0.33465350E+00
  0.26086977E+02  0.33439627E+00
  0.26096977E+02  0.33413889E+00
  0.26106976E+02  0.33388141E+00
  0.26116975E+02  0.33362385E+00
  0.26126975E+02  0.33336627E+00
  0.26136974E+02  0.33310871E+00
  0.26146974E+02  0.33285119E+00
  0.26156973E+02  0.33259377E+00
  0.26166972E+02  0.33233648E+00
  0.26176972E+02  0.33207937E+00
  0.26186971E+02  0.33182247E+00
  0.26196970E+02  0.33156582E+00
  0.26206970E+02  0.33130947E+00
  0.26216969E+02  0.33105345E+00
  0.26226969E+02  0.33079780E+00
  0.26236968E+02  0.33054257E+00
  0.26246967E+02  0.33028778E+00
  0.26256967E+02  0.33003347E+00
  0.26266966E+02  0.32977969E+00
  0.26276966E+02  0.32952647E+00
  0.26286965E+02  0.32927385E+00
  0.26296964E+02  0.32902185E+00
  0.26306964E+02  0.32877053E+00
  0.26316963E+02  0.32851990E+00
  0.26326963E+02  0.32827001E+00
  0.26336962E+02  0.32802088E+00
  0.26346961E+02  0.32777254E+00
  0.26356961E+02  0.32752503E+00
  0.26366960E+02  0.32727838E+00
  0.26376960E+02  0.32703261E+00
  0.26386959E+02  0.32678775E+00
  0.26396958E+02  0.32654383E+00
  0.26406958E+02  0.32630088E+00
  0.26416957E+02  0.32605890E+00
  0.26426957E+02  0.32581794E+00
  0.26436956E+02  0.32557800E+00
  0.26446955E+02  0.32533911E+00
  0.26456955E+02  0.32510129E+00
  0.26466954E+02  0.32486456E+00
  0.26476954E+02  0.32462893E+00
  0.26486953E+02  0.32439441E+00
  0.26496952E+02  0.32416102E+00
  0.26506952E+02  0.32392877E+00
  0.26516951E+02  0.32369767E+00
  0.26526951E+02  0.32346773E+00
  0.26536950E+02  0.32323896E+00
  0.26546949E+02  0.32301135E+00
  0.26556949E+02  0.32278493E+00
  0.26566948E+02  0.32255968E+00
  0.26576947E+02  0.32233561E+00
  0.26586947E+02  0.32211272E+00
  0.26596946E+02  0.32189100E+00
  0.26606946E+02  0.32167046E+00
  0.26616945E+02  0.32145109E+00
  0.26626944E+02  0.32123288E+00
  0.26636944E+02  0.32101582E+00
  0.26646943E+02  0.32079990E+00
  0.26656943E+02  0.32058511E+00
  0.26666942E+02  0.32037144E+00
  0.26676941E+02  0.32015888E+00
  0.26686941E+02  0.31994740E+00
  0.26696940E+02  0.31973699E+00
  0.26706940E+02  0.31952764E+00
  0.26716939E+02  0.31931931E+00
  0.26726938E+02  0.31911199E+00
  0.26736938E+02  0.31890566E+00
  0.26746937E+02  0.31870029E+00
  0.26756937E+02  0.31849585E+00
  0.26766936E+02  0.31829233E+00
  0.26776935E+02  0.31808967E+00
  0.26786935E+02  0.31788787E+00
  0.26796934E+02  0.31768689E+00
  0.26806934E+02  0.31748669E+00
  0.26816933E+02  0.31728724E+00
  0.26826932E+02  0.31708851E+00
  0.26836932E+02  0.31689046E+00
  0.26846931E+02  0.31669305E+00
  0.26856931E+02  0.31649625E+00
  0.26866930E+02  0.31630002E+00
  0.26876929E+02  0.31610431E+00
  0.26886929E+02  0.31590910E+00
  0.26896928E+02  0.31571433E+00
  0.26906928E+02  0.31551996E+00
  0.26916927E+02  0.31532596E+00
  0.26926926E+02  0.31513227E+00
  0.26936926E+02  0.31493886E+00
  0.26946925E+02  0.31474567E+00
  0.26956924E+02  0.31455268E+00
  0.26966924E+02  0.31435982E+00
  0.26976923E+02  0.31416705E+00
  0.26986923E+02  0.31397433E+00
  0.26996922E+02  0.31378162E+00
  0.27006921E+02  0.31358885E+00
  0.27016921E+02  0.31339600E+00
  0.27026920E+02  0.31320300E+00
  0.27036920E+02  0.31300982E+00
  0.27046919E+02  0.31281640E+00
  0.27056918E+02  0.31262270E+00
  0.27066918E+02  0.31242868E+00
  0.27076917E+02  0.31223428E+00
  0.27086917E+02  0.31203947E+00
  0.27096916E+02  0.31184419E+00
  0.27106915E+02  0.31164840E+00
  0.27116915E+02  0.31145205E+00
  0.27126914E+02  0.31125510E+00
  0.27136914E+02  0.31105751E+00
  0.27146913E+02  0.31085923E+00
  0.27156912E+02  0.31066022E+00
  0.27166912E+02  0.31046044E+00
  0.27176911E+02  0.31025985E+00
  0.27186911E+02  0.31005840E+00
  0.27196910E+02  0.30985606E+00
  0.27206909E+02  0.30965279E+00
  0.27216909E+02  0.30944855E+00
  0.27226908E+02  0.30924331E+00
  0.27236908E+02  0.30903702E+00
  0.27246907E+02  0.30882966E+00
  0.27256906E+02  0.30862120E+00
  0.27266906E+02  0.30841159E+00
  0.27276905E+02  0.30820081E+00
  0.27286905E+02  0.30798884E+00
  0.27296904E+02  0.30777564E+00
  0.27306903E+02  0.30756118E+00
  0.27316903E+02  0.30734545E+00
  0.27326902E+02  0.30712842E+00
  0.27336902E+02  0.30691007E+00
  0.27346901E+02  0.30669037E+00
  0.27356900E+02  0.30646931E+00
  0.27366900E+02  0.30624688E+00
  0.27376899E+02  0.30602305E+00
  0.27386898E+02  0.30579781E+00
  0.27396898E+02  0.30557115E+00
  0.27406897E+02  0.30534307E+00
  0.27416897E+02  0.30511354E+00
  0.27426896E+02  0.30488257E+00
  0.27436895E+02  0.30465016E+00
  0.27446895E+02  0.30441629E+00
  0.27456894E+02  0.30418097E+00
  0.27466894E+02  0.30394419E+00
  0.27476893E+02  0.30370597E+00
  0.27486892E+02  0.30346630E+00
  0.27496892E+02  0.30322519E+00
  0.27506891E+02  0.30298265E+00
  0.27516891E+02  0.30273869E+00
  0.27526890E+02  0.30249332E+00
  0.27536889E+02  0.30224655E+00
  0.27546889E+02  0.30199841E+00
  0.27556888E+02  0.30174891E+00
  0.27566888E+02  0.30149806E+00
  0.27576887E+02  0.30124590E+00
  0.27586886E+02  0.30099243E+00
  0.27596886E+02  0.30073770E+00
  0.27606885E+02  0.30048172E+00
  0.27616885E+02  0.30022452E+00
  0.27626884E+02  0.29996614E+00
  0.27636883E+02  0.29970661E+00
  0.27646883E+02  0.29944595E+00
  0.27656882E+02  0.29918422E+00
  0.27666882E+02  0.29892143E+00
  0.27676881E+02  0.29865764E+00
  0.27686880E+02  0.29839289E+00
  0.27696880E+02  0.29812721E+00
  0.27706879E+02  0.29786065E+00
  0.27716879E+02  0.29759325E+00
  0.27726878E+02  0.29732507E+00
  0.27736877E+02  0.29705615E+00
  0.27746877E+02  0.29678654E+00
  0.27756876E+02  0.29651629E+00
  0.27766875E+02  0.29624545E+00
  0.27776875E+02  0.29597408E+00
  0.27786874E+02  0.29570224E+00
  0.27796874E+02  0.29542997E+00
  0.27806873E+02  0.29515734E+00
  0.27816872E+02  0.29488441E+00
  0.27826872E+02  0.29461123E+00
  0.27836871E+02  0.29433786E+00
  0.27846871E+02  0.29406436E+00
  0.27856870E+02  0.29379081E+00
  0.27866869E+02  0.29351725E+00
  0.27876869E+02  0.29324375E+00
  0.27886868E+02  0.29297039E+00
  0.27896868E+02  0.29269721E+00
  0.27906867E+02  0.29242429E+00
  0.27916866E+02  0.29215169E+00
  0.27926866E+02  0.29187948E+00
  0.27936865E+02  0.29160773E+00
  0.27946865E+02  0.29133649E+00
  0.27956864E+02  0.29106585E+00
  0.27966863E+02  0.29079586E+00
  0.27976863E+02  0.29052659E+00
  0.27986862E+02  0.29025811E+00
  0.27996862E+02  0.28999048E+00
  0.28006861E+02  0.28972378E+00
  0.28016860E+02  0.28945807E+00
  0.28026860E+02  0.28919341E+00
  0.28036859E+02  0.28892987E+00
  0.28046859E+02  0.28866751E+00
  0.28056858E+02  0.28840641E+00
  0.28066857E+02  0.28814662E+00
  0.28076857E+02  0.28788821E+00
  0.28086856E+02  0.28763124E+00
  0.28096856E+02  0.28737578E+00
  0.28106855E+02  0.28712187E+00
  0.28116854E+02  0.28686960E+00
  0.28126854E+02  0.28661901E+00
  0.28136853E+02  0.28637016E+00
  0.28146852E+02  0.28612310E+00
  0.28156852E+02  0.28587791E+00
  0.28166851E+02  0.28563462E+00
  0.28176851E+02  0.28539330E+00
  0.28186850E+02  0.28515399E+00
  0.28196849E+02  0.28491675E+00
  0.28206849E+02  0.28468163E+00
  0.28216848E+02  0.28444866E+00
  0.28226848E+02  0.28421790E+00
  0.28236847E+02  0.28398940E+00
  0.28246846E+02  0.28376319E+00
  0.28256846E+02  0.28353932E+00
  0.28266845E+02  0.28331782E+00
  0.28276845E+02  0.28309873E+00
  0.28286844E+02  0.28288209E+00
  0.28296843E+02  0.28266793E+00
  0.28306843E+02  0.28245628E+00
  0.28316842E+02  0.28224717E+00
  0.28326842E+02  0.28204062E+00
  0.28336841E+02  0.28183667E+00
  0.28346840E+02  0.28163534E+00
  0.28356840E+02  0.28143663E+00
  0.28366839E+02  0.28124058E+00
  0.28376839E+02  0.28104721E+00
  0.28386838E+02  0.28085651E+00
  0.28396837E+02  0.28066851E+00
  0.28406837E+02  0.28048321E+00
  0.28416836E+02  0.28030063E+00
  0.28426836E+02  0.28012076E+00
  0.28436835E+02  0.27994361E+00
  0.28446834E+02  0.27976917E+00
  0.28456834E+02  0.27959745E+00
  0.28466833E+02  0.27942844E+00
  0.28476833E+02  0.27926214E+00
  0.28486832E+02  0.27909852E+00
  0.28496831E+02  0.27893759E+00
  0.28506831E+02  0.27877932E+00
  0.28516830E+02  0.27862370E+00
  0.28526829E+02  0.27847072E+00
  0.28536829E+02  0.27832034E+00
  0.28546828E+02  0.27817254E+00
  0.28556828E+02  0.27802731E+00
  0.28566827E+02  0.27788460E+00
  0.28576826E+02  0.27774439E+00
  0.28586826E+02  0.27760665E+00
  0.28596825E+02  0.27747134E+00
  0.28606825E+02  0.27733842E+00
  0.28616824E+02  0.27720785E+00
  0.28626823E+02  0.27707959E+00
  0.28636823E+02  0.27695360E+00
  0.28646822E+02  0.27682984E+00
  0.28656822E+02  0.27670824E+00
  0.28666821E+02  0.27658877E+00
  0.28676820E+02  0.27647136E+00
  0.28686820E+02  0.27635598E+00
  0.28696819E+02  0.27624255E+00
  0.28706819E+02  0.27613103E+00
  0.28716818E+02  0.27602135E+00
  0.28726817E+02  0.27591346E+00
  0.28736817E+02  0.27580729E+00
  0.28746816E+02  0.27570277E+00
  0.28756816E+02  0.27559985E+00
  0.28766815E+02  0.27549845E+00
  0.28776814E+02  0.27539851E+00
  0.28786814E+02  0.27529995E+00
  0.28796813E+02  0.27520271E+00
  0.28806813E+02  0.27510672E+00
  0.28816812E+02  0.27501189E+00
  0.28826811E+02  0.27491816E+00
  0.28836811E+02  0.27482546E+00
  0.28846810E+02  0.27473370E+00
  0.28856810E+02  0.27464281E+00
  0.28866809E+02  0.27455271E+00
  0.28876808E+02  0.27446333E+00
  0.28886808E+02  0.27437458E+00
  0.28896807E+02  0.27428639E+00
  0.28906807E+02  0.27419867E+00
  0.28916806E+02  0.27411136E+00
  0.28926805E+02  0.27402436E+00
  0.28936805E+02  0.27393760E+00
  0.28946804E+02  0.27385099E+00
  0.28956803E+02  0.27376447E+00
  0.28966803E+02  0.27367794E+00
  0.28976802E+02  0.27359133E+00
  0.28986802E+02  0.27350456E+00
  0.28996801E+02  0.27341755E+00
  0.29006800E+02  0.27333022E+00
  0.29016800E+02  0.27324249E+00
  0.29026799E+02  0.27315429E+00
  0.29036799E+02  0.27306553E+00
  0.29046798E+02  0.27297615E+00
  0.29056797E+02  0.27288606E+00
  0.29066797E+02  0.27279520E+00
  0.29076796E+02  0.27270348E+00
  0.29086796E+02  0.27261084E+00
  0.29096795E+02  0.27251721E+00
  0.29106794E+02  0.27242251E+00
  0.29116794E+02  0.27232668E+00
  0.29126793E+02  0.27222965E+00
  0.29136793E+02  0.27213135E+00
  0.29146792E+02  0.27203172E+00
  0.29156791E+02  0.27193070E+00
  0.29166791E+02  0.27182823E+00
  0.29176790E+02  0.27172424E+00
  0.29186790E+02  0.27161869E+00
  0.29196789E+02  0.27151150E+00
  0.29206788E+02  0.27140264E+00
  0.29216788E+02  0.27129205E+00
  0.29226787E+02  0.27117967E+00
  0.29236787E+02  0.27106547E+00
  0.29246786E+02  0.27094940E+00
  0.29256785E+02  0.27083140E+00
  0.29266785E+02  0.27071145E+00
  0.29276784E+02  0.27058951E+00
  0.29286784E+02  0.27046553E+00
  0.29296783E+02  0.27033949E+00
  0.29306782E+02  0.27021135E+00
  0.29316782E+02  0.27008109E+00
  0.29326781E+02  0.26994867E+00
  0.29336780E+02  0.26981408E+00
  0.29346780E+02  0.26967729E+00
  0.29356779E+02  0.26953829E+00
  0.29366779E+02  0.26939706E+00
  0.29376778E+02  0.26925358E+00
  0.29386777E+02  0.26910785E+00
  0.29396777E+02  0.26895986E+00
  0.29406776E+02  0.26880960E+00
  0.29416776E+02  0.26865707E+00
  0.29426775E+02  0.26850228E+00
  0.29436774E+02  0.26834522E+00
  0.29446774E+02  0.26818590E+00
  0.29456773E+02  0.26802434E+00
  0.29466773E+02  0.26786054E+00
  0.29476772E+02  0.26769451E+00
  0.29486771E+02  0.26752629E+00
  0.29496771E+02  0.26735588E+00
  0.29506770E+02  0.26718330E+00
  0.29516770E+02  0.26700860E+00
  0.29526769E+02  0.26683179E+00
  0.29536768E+02  0.26665290E+00
  0.29546768E+02  0.26647198E+00
  0.29556767E+02  0.26628905E+00
  0.29566767E+02  0.26610416E+00
  0.29576766E+02  0.26591735E+00
  0.29586765E+02  0.26572867E+00
  0.29596765E+02  0.26553815E+00
  0.29606764E+02  0.26534587E+00
  0.29616764E+02  0.26515185E+00
  0.29626763E+02  0.26495618E+00
  0.29636762E+02  0.26475889E+00
  0.29646762E+02  0.26456005E+00
  0.29656761E+02  0.26435972E+00
  0.29666761E+02  0.26415798E+00
  0.29676760E+02  0.26395488E+00
  0.29686759E+02  0.26375050E+00
  0.29696759E+02  0.26354490E+00
  0.29706758E+02  0.26333817E+00
  0.29716757E+02  0.26313038E+00
  0.29726757E+02  0.26292160E+00
  0.29736756E+02  0.26271193E+00
  0.29746756E+02  0.26250143E+00
  0.29756755E+02  0.26229020E+00
  0.29766754E+02  0.26207831E+00
  0.29776754E+02  0.26186587E+00
  0.29786753E+02  0.26165295E+00
  0.29796753E+02  0.26143965E+00
  0.29806752E+02  0.26122606E+00
  0.29816751E+02  0.26101227E+00
  0.29826751E+02  0.26079838E+00
  0.29836750E+02  0.26058449E+00
  0.29846750E+02  0.26037068E+00
  0.29856749E+02  0.26015707E+00
  0.29866748E+02  0.25994375E+00
  0.29876748E+02  0.25973081E+00
  0.29886747E+02  0.25951837E+00
  0.29896747E+02  0.25930652E+00
  0.29906746E+02  0.25909537E+00
  0.29916745E+02  0.25888502E+00
  0.29926745E+02  0.25867556E+00
  0.29936744E+02  0.25846712E+00
  0.29946744E+02  0.25825978E+00
  0.29956743E+02  0.25805366E+00
  0.29966742E+02  0.25784886E+00
  0.29976742E+02  0.25764548E+00
  0.29986741E+02  0.25744363E+00
  0.29996741E+02  0.25724341E+00
  0.30006740E+02  0.25704493E+00
  0.30016739E+02  0.25684828E+00
  0.30026739E+02  0.25665358E+00
  0.30036738E+02  0.25646092E+00
  0.30046738E+02  0.25627040E+00
  0.30056737E+02  0.25608213E+00
  0.30066736E+02  0.25589621E+00
  0.30076736E+02  0.25571273E+00
  0.30086735E+02  0.25553179E+00
  0.30096734E+02  0.25535349E+00
  0.30106734E+02  0.25517792E+00
  0.30116733E+02  0.25500518E+00
  0.30126733E+02  0.25483536E+00
  0.30136732E+02  0.25466854E+00
  0.30146731E+02  0.25450483E+00
  0.30156731E+02  0.25434430E+00
  0.30166730E+02  0.25418705E+00
  0.30176730E+02  0.25403314E+00
  0.30186729E+02  0.25388268E+00
  0.30196728E+02  0.25373573E+00
  0.30206728E+02  0.25359237E+00
  0.30216727E+02  0.25345267E+00
  0.30226727E+02  0.25331672E+00
  0.30236726E+02  0.25318457E+00
  0.30246725E+02  0.25305630E+00
  0.30256725E+02  0.25293197E+00
  0.30266724E+02  0.25281164E+00
  0.30276724E+02  0.25269537E+00
  0.30286723E+02  0.25258322E+00
  0.30296722E+02  0.25247524E+00
  0.30306722E+02  0.25237148E+00
  0.30316721E+02  0.25227199E+00
  0.30326721E+02  0.25217681E+00
  0.30336720E+02  0.25208599E+00
  0.30346719E+02  0.25199955E+00
  0.30356719E+02  0.25191755E+00
  0.30366718E+02  0.25183999E+00
  0.30376718E+02  0.25176693E+00
  0.30386717E+02  0.25169837E+00
  0.30396716E+02  0.25163434E+00
  0.30406716E+02  0.25157486E+00
  0.30416715E+02  0.25151994E+00
  0.30426715E+02  0.25146959E+00
  0.30436714E+02  0.25142382E+00
  0.30446713E+02  0.25138263E+00
  0.30456713E+02  0.25134602E+00
  0.30466712E+02  0.25131399E+00
  0.30476711E+02  0.25128653E+00
  0.30486711E+02  0.25126363E+00
  0.30496710E+02  0.25124527E+00
  0.30506710E+02  0.25123143E+00
  0.30516709E+02  0.25122210E+00
  0.30526708E+02  0.25121725E+00
  0.30536708E+02  0.25121684E+00
  0.30546707E+02  0.25122084E+00
  0.30556707E+02  0.25122923E+00
  0.30566706E+02  0.25124195E+00
  0.30576705E+02  0.25125897E+00
  0.30586705E+02  0.25128023E+00
  0.30596704E+02  0.25130569E+00
  0.30606704E+02  0.25133530E+00
  0.30616703E+02  0.25136899E+00
  0.30626702E+02  0.25140670E+00
  0.30636702E+02  0.25144838E+00
  0.30646701E+02  0.25149395E+00
  0.30656701E+02  0.25154335E+00
  0.30666700E+02  0.25159650E+00
